time,seconds_elapsed,z,y,x
1776556466285776000,1.06677587890625,0.0304243643581867,-0.2347552794771268,-0.1350558741044718
1776556466295769000,1.07676904296875,0.0486421580940484,-0.2379082636153325,-0.160104217113275
1776556466305760800,1.0867607421875,0.0059574470996856,-0.2240986965094693,-0.1366031035464722
1776556466315753000,1.0967529296875,-0.0305868614435195,-0.20652952114176,-0.1408124740029685
1776556466325745000,1.106744873046875,-0.0514063621103763,-0.1507619864135049,-0.1374369970873463
1776556466335737900,1.11673779296875,-0.0499216765105724,-0.0667733512586914,-0.0737327784751541
1776556466345730000,1.12672998046875,0.0401496395587921,-0.002249952617567,0.0203801000360166
1776556466355722000,1.136721923828125,0.021288871744275,0.003241137345694,0.0771224665792193
1776556466365715000,1.14671484375,-0.0200122759371995,-0.0310781886244192,0.1028559240416623
1776556466375707000,1.156706787109375,-0.0575590395212173,-0.0821514463229104,0.0328935903161997
1776556466385699000,1.166698974609375,-0.0401788656532764,-0.0881352791060227,-0.0397665402590297
1776556466395691800,1.17669189453125,-0.0126198275983333,-0.0580956762817222,0.0119112044049426
1776556466405684000,1.18668408203125,0.0031178397595882,-0.0491315673124976,0.0572468226337339
1776556466415676000,1.196676025390625,0.0450385806441307,-0.0470065288493875,0.0633787586506456
1776556466425668000,1.206668212890625,0.0455067826777696,-0.0790008276717271,0.0366249702806933
1776556466435660800,1.216660888671875,0.0329588512718677,-0.1155608726401813,-0.0487560393978375
1776556466445653000,1.226653076171875,0.0691945322573184,-0.1315027390670031,-0.0990753643233329
1776556466455645000,1.23664501953125,0.0892705210804939,-0.0616615520697552,-0.0472324556929059
1776556466465638000,1.246637939453125,0.1335819564938545,0.0214066529050469,0.0637803434551693
1776556466475630000,1.256630126953125,0.1717471442371606,0.0321181261314079,0.0930859146501869
1776556466485622000,1.2666220703125,0.1531955885022878,0.0092891579388175,0.0674482548455707
1776556466495615000,1.276614990234375,0.1479641175895929,-0.0261463856448885,0.0075098459071479
1776556466505607000,1.28660693359375,0.1358528240352869,-0.0699428572734352,-0.0832866334984544
1776556466515599000,1.29659912109375,0.1756646099418401,-0.1124970463564619,-0.1320671314841136
1776556466525591800,1.306591796875,0.2313274604529142,-0.108275830198545,-0.0767776260637678
1776556466535584000,1.316583984375,0.2126081469357013,-0.0894950414182152,-0.0568198111270088
1776556466545576000,1.326575927734375,0.1786100157439708,-0.0674018310211133,-0.0604626474416581
1776556466555567900,1.33656787109375,0.1745212851256132,0.0020892090979032,-0.0067994348987587
1776556466565561000,1.34656103515625,0.1561971084058284,0.0272740653674118,0.0101753958715707
1776556466575553000,1.356552978515625,0.1484773278087377,0.0161644322694744,-0.0066895173840341
1776556466585545000,1.366544921875,0.1030371806263923,0.0222208188321441,-0.014326837012195
1776556466595538000,1.376537841796875,0.0168932671338319,0.0255798834690824,-0.0151469109486264
1776556466605530000,1.386530029296875,-0.0307885214954614,0.0580707153704017,-0.0208677282893331
1776556466615521800,1.396521728515625,-0.0729226128697395,0.0478374358487315,-0.0415528026212938
1776556466625514000,1.406513916015625,-0.1132476089954376,0.0207084780404344,-0.087542911836598
1776556466635507000,1.4165068359375,-0.0916074395954608,0.0499953262686729,-0.010645572949876
1776556466645499000,1.426498779296875,-0.1070545995742082,0.0708632326545193,0.0320672270612325
1776556466655490800,1.43649072265625,-0.1351969904750585,0.0646672275586053,0.0245070940052624
1776556466665484000,1.446484130859375,-0.09852817876935,0.0517670851815491,0.0123588705406291
1776556466675475700,1.456475830078125,-0.0980681600421667,0.0136485130589455,-0.0566708585098385
1776556466685467600,1.466467529296875,-0.0696300010651349,-0.0093897413696162,-0.0813370977327227
1776556466695460900,1.4764609375,-0.0272854818105697,-0.0329307211559265,-0.0363986347285099
1776556466705452800,1.486452880859375,-0.0346299993544816,-0.03257045474248,0.0150609668228891
1776556466715444700,1.49644482421875,0.0011094225466251,-0.0452986928850412,0.025621608285536
1776556466725436700,1.506436767578125,0.0477577764749527,-0.0342634310644119,0.0202723562120692
1776556466735430000,1.516429931640625,0.0327431626945734,-0.0272142614715732,-0.0007443212695012
1776556466745421600,1.526421630859375,0.0482470212966203,-0.0288632525213062,-0.0445527790217194
1776556466755413800,1.536413818359375,0.0547691165417432,-0.0091071067696437,-0.0220753025643643
1776556466765406700,1.54640673828125,0.0633867227613926,0.0049011429797858,0.0413746878417208
1776556466775398700,1.556398681640625,0.0507516975939273,0.0069683959742076,0.0690309163605561
1776556466785390600,1.566390625,0.036313422396779,-0.0151779145833104,0.0607683386902324
1776556466795383800,1.5763837890625,0.0570306317329406,-0.0170347579637542,0.0513281731744762
1776556466805375700,1.586375732421875,0.0169967275083065,0.0070435801022686,0.0113113114161882
1776556466815367700,1.59636767578125,0.0158756145238876,0.0229201262079179,0.0172779327695956
1776556466825359600,1.606359619140625,0.0056353755384683,0.0410466614637523,0.0424920470996294
1776556466835352600,1.6163525390625,0.0265238497883081,0.0454316168160177,0.0623455522785428
1776556466845344800,1.6263447265625,-0.013178046002984,0.0350850861782208,0.1046617039551492
1776556466855336700,1.636336669921875,-0.0364116220742464,-0.0109647356013767,0.0910801369188819
1776556466865329700,1.64632958984375,-0.0473667313307523,-0.0548315325197763,0.0492703136294847
1776556466875321600,1.656321533203125,-0.0155237323462963,-0.0592633044221438,-1.1105915904e-05
1776556466885313800,1.666313720703125,-0.0020873276680707,-0.0475817440546117,-0.0087747010440798
1776556466895306500,1.676306396484375,-0.0067541504353284,-0.006392879374884,-0.0112726736059645
1776556466905298700,1.686298583984375,0.0237444482028484,0.0209103207554668,0.0175625218646368
1776556466915290600,1.69629052734375,0.0479582674831151,0.0043420843249186,0.0205661469602957
1776556466925282800,1.70628271484375,0.0311672916799783,-0.0207264886211603,0.0001177560445968
1776556466935275800,1.71627587890625,0.0263455706119537,-0.0502412273211404,-0.015973962615116
1776556466945267700,1.726267822265625,0.0237643219470977,-0.0464241532510146,-0.0231554465008666
1776556466955260000,1.736260009765625,-0.0089016838580369,-0.0779203115591779,-0.028881208303105
1776556466965252600,1.746252685546875,-0.012249240720272,-0.1041167194914072,-0.0546346445410745
1776556466975244800,1.756244873046875,-0.0281751241266727,-0.1065003084260039,-0.0911250081070698
1776556466985236700,1.76623681640625,-0.026891514056921,-0.0745243489779532,-0.0770969028797
1776556466995229700,1.776229736328125,-0.0323281521528959,-0.0406485837905667,-0.0412254520967602
1776556467005221600,1.7862216796875,-0.0518131893455982,-0.0024452559939585,-0.0046669203778466
1776556467015213800,1.7962138671875,-0.0441898548603057,0.0392467359023168,-0.0130062650660751
1776556467025205500,1.80620556640625,-0.0233791220217943,0.0546321009575389,-0.0174409173370513
1776556467035198700,1.81619873046875,-0.0220049110591411,0.0570627256379462,-0.0279576545842457
1776556467045191000,1.82619091796875,0.0178401925951242,0.0671230414791964,-0.0082958954180357
1776556467055182600,1.8361826171875,0.0376420406520366,0.0520474730255082,0.0350909199806745
1776556467065175800,1.84617578125,0.0362041168034076,0.0176532369219698,0.0572474710877053
1776556467075167700,1.856167724609375,0.0314823489785194,-0.0312165011165663,0.0258061208398547
1776556467085159700,1.86615966796875,0.0508417139649391,-0.0506780113032087,0.022635194619582
1776556467095152600,1.876152587890625,0.1340729548811912,-0.0605345116680487,0.0336827085670083
1776556467105144800,1.886144775390625,0.2045540198177099,-0.047897897331696,0.0850242800791747
1776556467115136500,1.896136474609375,0.2172434055209159,-0.0398976923580281,0.0875894726583734
1776556467125128700,1.906128662109375,0.2017658504039049,-0.0204887891414575,0.0513126513783587
1776556467135121700,1.91612158203125,0.157533325445652,-0.0529270506053231,-0.0199099092579795
1776556467145113600,1.926113525390625,0.1113356378942728,-0.0747408595391549,-0.0839638295071199
1776556467155105500,1.93610546875,0.1089689087629318,-0.0290612593114376,-0.0997630451933946
1776556467165098800,1.9460986328125,0.0305950447499752,-0.0032980916973203,-0.0838390432168263
1776556467175090700,1.956090576171875,-0.0404261184126138,0.0038579175371676,-0.0844153635337483
1776556467185082600,1.96608251953125,-0.0478308417111635,0.0253396084398031,-0.0596385948747862
1776556467195075800,1.976075927734375,-0.0649403819441795,0.0686122205910272,-0.0231968265407369
1776556467205067500,1.986067626953125,-0.0990846436083316,0.0843436591375619,0.0177464350556896
1776556467215059700,1.996059814453125,-0.0844295107901096,0.0756147562968544,0.0322994603479513
1776556467225051600,2.0060517578125,-0.0935574046194553,0.0506200705708935,0.0253118641996406
1776556467235044600,2.016044677734375,-0.1101537346333265,0.0137170665168203,-0.0270675304942415
1776556467245036500,2.02603662109375,-0.1065343750923872,-0.0137981689290143,-0.0524943263104418
1776556467255028700,2.03602880859375,-0.0838905816078185,-0.0043213703304529,-0.0404393934527179
1776556467265021700,2.046021728515625,-0.0555447770893573,0.0038070093338377,-0.0396412105460418
1776556467275013600,2.056013671875,-0.0614589695692062,-0.0188716910673305,-0.0360173597763641
1776556467285005800,2.066005859375,-0.0681143358051776,-0.0572409317490644,-0.0308492820892366
1776556467294997800,2.075997802734375,-0.0650339054465293,-0.0693387812999077,-0.0353039371102699
1776556467304990700,2.08599072265625,-0.0471305844873189,-0.0436020450349897,-0.001129594830863
1776556467314982700,2.095982666015625,-0.1007470238626003,-0.0330672800824046,0.0173659603962092
1776556467324974800,2.105974853515625,-0.091806761559844,-0.0202687166499905,0.0166334311708458
1776556467334967600,2.115967529296875,-0.046641924187541,-0.0189532136046327,0.0066522986376949
1776556467344959700,2.125959716796875,-0.0171855280786752,-0.0204745596867054,-0.0314361808823887
1776556467354951700,2.13595166015625,0.0375590385437011,-0.024443335453514,-0.039276601317618
1776556467364944600,2.145944580078125,0.0939396819353103,-0.0288879851037636,-0.0014058299436233
1776556467374936600,2.1559365234375,0.1610784507066011,-0.0268304497857578,-0.0125133646993082
1776556467384928800,2.1659287109375,0.2015600986987352,-0.0298711691885255,-0.0278025233880383
1776556467394920700,2.175920654296875,0.2322895834833383,-0.0367015083989128,-0.0270171679968945
1776556467404913700,2.18591357421875,0.2122702932834625,0.0278778034142218,-0.0190405904939863
1776556467414905900,2.19590576171875,0.2118389161288738,0.0567342060696333,-0.0427205540593015
1776556467424897800,2.205897705078125,0.2118342399537563,0.0565062242663465,-0.0425028424882795
1776556467434890800,2.215890869140625,0.1657195545107126,0.0070574442308396,-0.0242811283458373
1776556467444882700,2.225882568359375,0.1049228482425212,-0.0098245891229249,-0.0531973645798396
1776556467454875000,2.235875,0.0842144067347049,-0.0341190541576594,-0.0352288968293927
1776556467464867600,2.24586767578125,0.016221651482582,-0.0168885361597873,0.0131678785187075
1776556467474859800,2.25585986328125,-0.0227332253336906,-0.0240500800859183,0.0070525705512554
1776556467484851700,2.265851806640625,-0.0416314025491476,-0.0291374846191145,-0.0309793199433828
1776556467494843600,2.27584375,-0.0500572855889797,-0.0251890027216635,-0.0857750619138591
1776556467504836900,2.2858369140625,-0.0403781876176595,-0.0115672863380983,-0.0578585567573318
1776556467514828800,2.295828857421875,-0.0154372231066226,0.0233268255789764,-0.0065631099588121
1776556467524820700,2.30582080078125,-0.0071042790472507,0.0114735801726579,0.0292834164454252
1776556467534813700,2.315813720703125,-0.0457511128276586,-0.0111215518645942,0.0237219030109001
1776556467544806000,2.325805908203125,-0.0305202259480953,-0.0444174165384843,-0.0242155431631836
1776556467554797600,2.335797607421875,-0.0291945303022861,-0.0679462674955837,-0.0454336078437045
1776556467564789800,2.345789794921875,-0.0374339508593082,-0.0589342185982502,0.0058697979281627
1776556467574782700,2.35578271484375,-0.0069061261266469,-0.0028762495560571,0.0839570892390795
1776556467584774700,2.365774658203125,0.0064198039144277,0.0064920654330402,0.0862937976914923
1776556467594766600,2.3757666015625,0.0160083009928464,-0.029302264993079,0.0307890991674852
1776556467604759800,2.385759765625,0.0160164842993021,-0.0288429769182577,0.0332023685710039
1776556467614751700,2.395751708984375,-0.0308124868929386,-0.0996783351851627,-0.1189361486264038
1776556467624743700,2.40574365234375,0.0238134217858314,-0.0956185018677264,-0.1025339529451448
1776556467634737000,2.41573681640625,0.048208442851901,-0.0590878747900016,0.017797269052139
1776556467644728600,2.425728515625,0.0501531471788883,-0.0148417048988863,0.0899698649888858
1776556467654720800,2.435720703125,0.0556868159085512,-0.0184048042079433,0.094044758878136
1776556467664712700,2.445712646484375,0.0392196652323007,-0.0375186700006946,0.04350061222082
1776556467674705700,2.45570556640625,0.0230482826322317,-0.0533142415583133,-0.0093411586957576
1776556467684698000,2.465697998046875,0.0209375740885734,0.0049976256242021,-0.0256491127803921
1776556467694690000,2.47568994140625,0.0297509951412677,0.0565855365802533,0.0019101478951924
1776556467704683000,2.48568310546875,0.0385685078471899,0.0692888960098847,0.0146602017189841
1776556467714675200,2.49567529296875,0.0063882397323846,0.041734479331132,0.0089378123340546
1776556467724667100,2.505667236328125,-0.0160620770066976,0.0220891187438741,-0.01327722406963
1776556467734660000,2.51566015625,0.0029418986707925,-0.0073779631557874,-0.0156543535806878
1776556467744652000,2.525652099609375,0.016563012266159,-0.0353410337006673,-0.0166830630158307
1776556467754644200,2.535644287109375,0.0249479787737131,-0.0590461180075071,-0.0055339918150042
1776556467764636200,2.54563623046875,0.0433528195142745,-0.0205983504631556,0.0353453947819536
1776556467774629000,2.555629150390625,0.0509714778244495,-0.0212305108868516,0.0335822187510435
1776556467784621000,2.56562109375,0.0187777657061815,-0.0093731372946873,0.0061542871293262
1776556467794613200,2.57561328125,0.0196492878437042,-0.0233203775718808,-0.0445083370917942
1776556467804606000,2.58560595703125,0.0027104280024766,-0.0293554747513495,-0.1014654651971068
1776556467814598100,2.59559814453125,-0.0184159466564655,-0.0244225301275029,-0.1029620695635676
1776556467824590000,2.605590087890625,-0.0139513684630393,-0.000101560678333,-0.0809071179507765
1776556467834583000,2.6155830078125,-0.0126198275983333,0.0165434307828545,-0.0109090108006785
1776556467844575200,2.6255751953125,-0.0169587335854768,0.0699174945033155,0.0690201483713695
1776556467854567200,2.635567138671875,0.0216658883631229,0.0617244521049782,0.1111660991468001
1776556467864559000,2.64555908203125,0.0321685776770114,0.0396462383476085,0.0832564940885175
1776556467874552000,2.655552001953125,0.0233767839342355,0.0328538930600509,0.0552188787363935
1776556467884544300,2.665544189453125,0.0457078582078218,0.0087223269694484,0.0112423834989778
1776556467894536000,2.675535888671875,0.0571019434034824,-0.0342439409126527,-0.0448902171154273
1776556467904529200,2.685529052734375,0.0494733482211828,-0.0529224474954418,-0.0783710236018989
1776556467914521000,2.69552099609375,0.0316577055454254,-0.0536850841647014,-0.1067657726954668
1776556467924513000,2.705512939453125,0.036283611780405,-0.0592504266742616,-0.0904880527772475
1776556467934505000,2.7155048828125,0.0374684376507997,-0.0182747663537971,-0.0380774318280396
1776556467944498200,2.725498291015625,0.0611006576508283,0.0016851766079664,-0.0123788310498464
1776556467954490000,2.735489990234375,0.0542108981370925,0.0175241671822033,0.0149217501484439
1776556467964482000,2.74548193359375,-0.0029494974553585,0.0331963315558619,0.0259472029611119
1776556467974475300,2.755475341796875,-0.0187958858847618,0.0199384800486266,-0.003700872945087
1776556467984467000,2.765467041015625,-0.0590150835484266,-0.010920147540979,-0.0652080747033469
1776556467994459100,2.775459228515625,-0.0568687191694974,-0.0506328569872304,-0.10276051910948
1776556468004452000,2.7854521484375,-0.0539689060747623,-0.0561074707397259,-0.1189324770982842
1776556468014444000,2.795444091796875,-0.0172556707054376,-0.0400725922672078,-0.0804385962567292
1776556468024436000,2.80543603515625,-0.000902501797676,-0.0182147980611771,-0.0293188690680079
1776556468034428200,2.81542822265625,0.0193289698481559,0.0139129178824834,0.0542932380917249
1776556468044420900,2.8254208984375,0.0130658178001642,0.0412761959033086,0.1442408684159163
1776556468054413000,2.8354130859375,0.0262520471096038,0.024214622997865,0.1548520870050415
1776556468064405000,2.845405029296875,0.0319552271872758,-0.0119017241905443,0.0849812903208192
1776556468074398000,2.85539794921875,0.0108715226262807,-0.040940132349357,0.0089201351134688
1776556468084390100,2.86539013671875,0.0210609082072973,-0.0730174515463411,-0.0773604309204034
1776556468094382000,2.875382080078125,0.0210749367326498,-0.0721992122323252,-0.0761468264800962
1776556468104374300,2.885374267578125,0.0415834717541933,-0.0782694355241023,-0.1457311983052175
1776556468114367000,2.895366943359375,0.1143009174406528,-0.0670569174404256,-0.112136825608788
1776556468124359200,2.905359130859375,0.118914548715949,-0.0303253974957391,-0.0150668622741359
1776556468134351000,2.91535107421875,0.1188812309682369,-0.0320253150151111,-0.0163042037830571
1776556468144344000,2.925343994140625,0.0983498995929956,0.0356233212407678,0.0652863093050196
1776556468154336000,2.9353359375,0.094430680322647,0.003812288297154,0.0181604489418794
1776556468164328200,2.945328125,0.0349924029260873,0.0384999909219332,-0.0097820857050479
1776556468174321200,2.955321044921875,-0.0009545242458581,0.0417740624228492,-0.0279205899598891
1776556468184313000,2.96531298828125,0.0014040215790271,0.0064600811258889,-0.0568815329852979
1776556468194305300,2.97530517578125,-0.0201806182414293,-0.0099481059047393,-0.0557411490448284
1776556468204297000,2.985296875,-0.0282967046797275,0.0097662647981196,0.0265249252172536
1776556468214290200,2.995290283203125,-0.0358048883527517,0.0235210329768247,0.0836566267214715
1776556468224282000,3.0052822265625,-0.0031961656928062,0.0069880505227483,0.0825285360069945
1776556468234274000,3.015274169921875,-0.0002086743146181,-0.0312408135739155,0.0575921563395298
1776556468244267000,3.02526708984375,0.0138584294825792,-0.0583857178700156,0.0004164490135153
1776556468254259200,3.03525927734375,0.0216419229656457,-0.0649370392096228,-0.0194645218443474
1776556468264251000,3.0452509765625,0.0333124870151281,-0.0858719464170746,-0.0326899278201279
1776556468274244000,3.055244140625,0.0373451035320758,-0.1033696091848425,-0.0851267358066514
1776556468284236000,3.065236083984375,0.0404711265981197,-0.063013962192554,-0.105263615371054
1776556468294228000,3.07522802734375,0.0298252294212579,-0.0088581004446372,-0.0386288505991455
1776556468304220000,3.085219970703125,0.0390805490225553,0.0057642443488351,-0.004866781769169
1776556468314213000,3.095213134765625,0.0251408709973096,0.0077650262446142,-0.0262856023193337
1776556468324205000,3.105205078125,0.0236234521716833,-0.023250435874518,-0.0187506630701245
1776556468334197000,3.115197021484375,-0.0019844518154859,0.0082375391271896,0.03586435888845
1776556468344190200,3.125190185546875,0.0002472527593374,0.0115351011015474,0.0425385713887866
1776556468354182000,3.135181884765625,-0.0347755453050136,-0.0106502262921072,-0.0105562621150515
1776556468364174000,3.145174072265625,-0.0852010796844959,-0.0550836258510127,-0.0793340690809302
1776556468374166000,3.155166015625,-0.0121644850462675,-0.0735281592811457,-0.1073923253622837
1776556468384159000,3.165158935546875,0.0058107321053743,-0.0249206158427521,-0.0226301417018403
1776556468394151000,3.17515087890625,0.0698784228682518,0.0592374027959071,0.1587828688490204
1776556468404143000,3.18514306640625,0.053891164663434,0.0618206059558317,0.2048019301641732
1776556468414136000,3.195135986328125,0.0175555304348468,0.0135059445167891,0.1495802566824946
1776556468424128000,3.2051279296875,0.0175865100950002,0.0151755034305155,0.1517213420981075
1776556468434120200,3.2151201171875,0.0200134449809789,-0.0321148747283965,0.0245024406630313
1776556468444113000,3.22511279296875,0.0285696764022111,-0.0588009658737108,0.0163606809273594
1776556468454105000,3.23510498046875,0.0345791459500789,-0.0338914194142445,-0.0161984304371988
1776556468464097000,3.245096923828125,0.0462713373094797,-0.0476530739914625,-0.0119144969071494
1776556468474089200,3.255089111328125,0.0194990657180547,-0.0580425304555334,-0.0460656815024325
1776556468484082000,3.26508203125,0.0186111769676208,-0.0375439140398055,-0.0399517195336287
1776556468494074000,3.27507421875,0.0440577529132366,0.0135997420137748,-0.0381013150271261
1776556468504066000,3.285066162109375,0.0454120901316404,-0.0060966546409763,-0.0722878038312308
1776556468514059000,3.29505908203125,0.0344885450571775,-0.020044333309587,-0.0944877442721277
1776556468524051200,3.30505126953125,0.0452548537433147,-0.0246818751834332,-0.0712876183793181
1776556468534043100,3.315043212890625,0.0428512997329235,0.0254259167500771,-0.017827036286029
1776556468544035000,3.32503515625,0.008278583523631,0.0589540923424996,0.0448171290463302
1776556468554028000,3.335028076171875,0.0009475099831819,0.0849265370594337,0.055136155189271
1776556468564020200,3.345020263671875,-0.0330097046762704,0.0627730843750759,0.0138228741120081
1776556468574012200,3.35501220703125,-0.0329851547569036,0.0640817010219208,0.0148866628520423
1776556468584005000,3.365005126953125,0.0111895025342702,-0.0355524296953342,-0.0995175186002627
1776556468593997000,3.3749970703125,0.0112134679317474,-0.0345518560843542,-0.1000242442796938
1776556468603989200,3.3849892578125,0.0510229157507419,-0.0360010502456687,-0.0624145075952168
1776556468613982000,3.39498193359375,0.0757014299333095,-0.0156007065726444,-0.0009461765426211
1776556468623974100,3.40497412109375,0.0542839633733034,-0.0315700089956633,0.02218276554381
1776556468633966000,3.414966064453125,0.0312193141281604,-0.0642540436478331,-0.0038490812101634
1776556468643958000,3.4249580078125,0.0262596458941698,-0.0839032766926102,-0.0571186753425747
1776556468653951200,3.434951171875,0.0364110375523567,-0.0508178946979343,-0.0665820573371369
1776556468663943200,3.444943115234375,0.053001522347331,6.27813042141e-05,-0.0164695846619317
1776556468673935000,3.45493505859375,0.0333861367732286,0.0326447438213974,0.0164865038306918
1776556468683927600,3.464927490234375,-0.005675123026967,0.0352636210829019,0.0107119618501281
1776556468693919500,3.47491943359375,-0.0442792867094278,0.0084608995542861,-0.0574381713542155
1776556468703911400,3.484911376953125,-0.0828700063884258,-0.0413584125603549,-0.1012322409631218
1776556468713903400,3.4949033203125,-0.0617430472075939,-0.024508491377905,-0.0681644037582911
1776556468723896600,3.504896484375,-0.0266939456582069,0.0527883179880678,0.0210268301244708
1776556468733888500,3.514888427734375,-0.0354880774885416,0.095721998774819,0.1041503660326823
1776556468743880400,3.52488037109375,-0.0387391882389783,0.0804496839063242,0.133355837854091
1776556468753873400,3.534873291015625,-0.0359983650982379,0.0361608621835708,0.0837052699024789
1776556468763865300,3.544865234375,-0.0162064539134502,-0.016872845400311,-0.0098721363253891
1776556468773857300,3.554857177734375,0.0516097757279872,-0.0456357610859908,-0.0456904869479127
1776556468783850500,3.5648505859375,0.0700374128222465,-0.040445590298064,0.0060557792078936
1776556468793842400,3.574842529296875,0.083072835484147,-0.0137429864093661,0.0321364472393877
1776556468803834400,3.58483447265625,0.0987900445759296,-0.0002794562621973,0.0374516326464712
1776556468813826600,3.59482666015625,0.0883119051814079,-0.0663692822361364,-0.0169628435050137
1776556468823819500,3.604819580078125,0.0746843618452549,-0.1124829447658732,-0.104592136717122
1776556468833811500,3.6148115234375,0.1006996775895357,-0.1147765721283853,-0.145522569656372
1776556468843803400,3.624803466796875,0.0945306335657834,-0.0491273112624883,-0.0997132421017624
1776556468853796600,3.634796630859375,0.1040671081960201,0.014781627008412,-0.008422914764611
1776556468863788300,3.644788330078125,0.0904021554589271,0.0385881075968034,0.0636099690240575
1776556468873780500,3.654780517578125,0.0700023415088653,0.0588385944703593,0.053714766916912
1776556468883772400,3.6647724609375,0.0241641349196434,0.0356328562540933,0.027717945810547
1776556468893765400,3.674765380859375,0.0063151744961738,-0.0178262371350079,-0.0138331169448094
1776556468903757300,3.68475732421875,-0.0212532159090042,-0.0288073576156049,-0.0468258750528562
1776556468913749500,3.69474951171875,-0.0248766671031713,-0.029903938946966,-0.0665657089905347
1776556468923742500,3.704742431640625,0.0032230536997318,-0.013715221619606,-0.0527606901956256
1776556468933734400,3.714734375,-0.0223918645501136,-0.0250354195951484,0.0034978543364093
1776556468943726600,3.7247265625,-0.0417144046574831,-0.0577984743002802,-0.0160710480477311
1776556468953719300,3.73471923828125,0.0217114810705184,-0.0598183079564012,-0.0182997478147153
1776556468963711500,3.74471142578125,0.0167576580554246,-0.0473694712771102,0.0234145518114906
1776556468973703400,3.754703369140625,0.0038818098694086,-0.0179522381348535,0.0691435235892888
1776556468983695600,3.764695556640625,0.0161515088558197,-0.0200530098063871,0.0726101402539294
1776556468993688300,3.774688232421875,0.0160030402958393,-0.0178572715940885,0.0110701915701152
1776556469003680500,3.784680419921875,-0.0058434653311967,-0.0416619986168108,-0.0354712428014609
1776556469013672400,3.79467236328125,-0.0172100779980421,-0.060823996133916,-0.0586544426756445
1776556469023665400,3.80466552734375,0.017961773148179,-0.0501984293590299,-0.0580105826810002
1776556469033657600,3.81465771484375,0.0285918882340192,-0.0322826873096637,-0.0014611951263621
1776556469043649500,3.8246494140625,0.0311444953262805,-0.0029717458197847,0.0635768613388994
1776556469053641500,3.834641357421875,0.012003157004714,0.0145871456159278,0.0795276188916526
1776556469063634400,3.844634521484375,0.01590834774971,0.0032763182569295,0.0667616014553932
1776556469073626600,3.854626708984375,0.0256488205194473,-0.0098431659592315,0.0386369334409013
1776556469083618300,3.864618408203125,0.0083060560524463,-0.0213806782135739,0.0155736085031647
1776556469093611500,3.874611572265625,0.023879472759366,-0.0499933717736043,-0.0157944047971279
1776556469103603500,3.884603515625,0.0219406136512756,-0.0245280363285914,0.0128164187495131
1776556469113595400,3.894595458984375,0.0437859502345323,-0.0127736481868661,0.0073519039826351
1776556469123588600,3.904588623046875,0.0306184256255626,-0.0246018687497824,0.0222143457088735
1776556469133580500,3.91458056640625,-0.0069312605679035,0.0001891293639317,0.0319570766510674
1776556469143572200,3.924572265625,0.0132873515963554,0.0129726961566135,0.0456248104337137
1776556469153564400,3.934564453125,0.0086731357991695,0.002299527380336,0.0100837218330125
1776556469163557600,3.9445576171875,-0.0237684136003255,-0.019276673405338,-0.0258649246552726
1776556469173549300,3.95454931640625,0.0271335061192512,-0.0079436342145316,-0.0582099366114242
1776556469183541500,3.96454150390625,0.005607903009653,0.0125634577685967,-0.0446965805397368
1776556469193534500,3.974534423828125,0.0324123233050107,0.0107726653616875,-0.0087133696281467
1776556469203526400,3.9845263671875,0.0324298589617013,0.0114626386535353,-0.009305200324743
1776556469213518300,3.994518310546875,0.004912321960926,0.0049616775279864,0.0157765289304312
1776556469223510500,4.004510498046875,0.0191419228434562,0.0057387080487795,0.0308129070180468
1776556469233503200,4.014503173828125,0.0438473250329494,-0.001980341895949,0.0105409914806834
1776556469243495400,4.024495361328125,0.0037654900133609,0.0161756569163873,0.0057633789824438
1776556469253487400,4.0344873046875,-0.000706686964631,0.0023099574428051,-0.0429210268011549
1776556469263480300,4.044480224609375,0.0145692081004381,-0.0082215743730776,-0.0700534506415948
1776556469273472500,4.054472412109375,0.0253542214870452,0.0114518615311943,-0.0528642327684909
1776556469283464400,4.06446435546875,0.026119360640645,0.0098012265136465,-0.0651048974566627
1776556469293456600,4.07445654296875,-0.0007937807261943,0.0003859305776655,-0.0588249541040742
1776556469303449300,4.084449462890625,0.0176356099337339,-0.0147257686353288,-0.0753727003024425
1776556469313441500,4.094441650390625,0.0540191749572753,-0.0097256587930954,-0.0531325465821661
1776556469323433500,4.10443359375,0.0772264475435018,0.0224697520919144,0.0119280664914869
1776556469333426400,4.114426513671875,0.0736386521846056,0.0162928535552695,0.0214462496964959
1776556469343418400,4.12441845703125,0.1191097790271043,-0.0045465391221456,0.035751406883134
1776556469353410600,4.13441064453125,0.0812128868311643,-0.0101205581285059,0.0497223454130347
1776556469363403500,4.144403564453125,0.0600625467747449,-0.0117580779361538,0.0410721886306535
1776556469373395500,4.1543955078125,0.0302367328315973,-0.0380114950189366,-0.0114632528581772
1776556469383387600,4.1643876953125,-0.0179857385456562,-0.0719211259433068,-0.0445472032308811
1776556469393379300,4.17437939453125,-0.0263899942755699,-0.0703316282621584,-0.0655045186329632
1776556469403372500,4.18437255859375,-0.0349310281276702,-0.0473799744048155,-0.0447300626842305
1776556469413364500,4.194364501953125,-0.0177221191734075,-0.0192698600720614,-0.0117898498974624
1776556469423356400,4.2043564453125,-0.0190559981256723,0.0039126068664714,-0.0066427373665501
1776556469433349400,4.214349365234375,-0.0042243396967649,0.0317394107458181,0.0184940830767271
1776556469443341600,4.224341552734375,0.0028302549898624,0.027007980043441,0.0428265808501979
1776556469453333500,4.23433349609375,0.0030021044254302,0.0082849949981085,0.0263603275063796
1776556469463325400,4.244325439453125,0.0051204117536544,0.0174155191759578,-0.0128350229852832
1776556469473318400,4.254318359375,-0.0050339025139808,0.0240534045541658,0.0022877593107288
1776556469483310300,4.264310302734375,-0.0051613282859325,-0.0065416949947364,-0.0230280458450899
1776556469493302300,4.27430224609375,-0.0102285485476255,-0.0179964060701429,-0.0549304263169877
1776556469503295500,4.28429541015625,-0.004824643677473,-0.0398967607762664,-0.0663079576700692
1776556469513287400,4.294287353515625,-0.0055599722146987,-0.0089364446441642,-0.0048575664162519
1776556469523279400,4.304279296875,0.0146557173401117,0.0007324059277772,0.0320183418516302
1776556469533272600,4.3142724609375,0.0456423917561769,0.0328595921484753,0.0361904330546385
1776556469543264500,4.324264404296875,0.0404150124967098,0.0442884381302632,0.0231836976311053
1776556469553256400,4.33425634765625,0.0567354481786489,0.0198057022481225,-0.0098901560392696
1776556469563248400,4.344248291015625,0.0455260719001293,-0.0114555695919319,-0.0326976179362391
1776556469573241600,4.35424169921875,0.0269867911249399,-0.0060131776086054,-0.0442641119731822
1776556469583233300,4.3642333984375,0.0422685314089059,-0.0258838531180284,-0.0364797165911062
1776556469593225500,4.3742255859375,0.0409451738506555,-0.0325409363870509,0.0066029396457015
1776556469603218400,4.384218505859375,0.0367804553866386,-0.0195745786396786,0.0290209524172241
1776556469613210400,4.39421044921875,0.0390454777091741,-0.0238026811961084,0.0138859476771671
1776556469623202600,4.40420263671875,0.0857382553011179,-0.0344022367469035,-0.0187344014884904
1776556469633195500,4.414195556640625,0.093363927873969,-0.0505378904464654,0.0025301303989719
1776556469643187500,4.4241875,0.0631260259985923,-0.05190879520718,0.0310541410285513
1776556469653179400,4.434179443359375,0.0854021552145481,-0.0470542678480967,0.0064863412284408
1776556469663171600,4.444171630859375,0.0518593665748834,-0.0399974264054559,-0.00966938714477
1776556469673164300,4.454164306640625,0.0295388136953115,-0.0171389672568999,-0.0133774113498511
1776556469683156500,4.464156494140625,0.0274164147138595,-0.022563531322591,-0.0426287795560434
1776556469693148400,4.4741484375,0.0083867200732231,-0.0222694802794605,-0.055717074049497
1776556469703141000,4.48414111328125,0.0049187517017126,-0.0148037109760567,-0.0640247969026444
1776556469713133300,4.49413330078125,0.0056441433668136,-0.010063055787608,-0.0267235005462542
1776556469723125200,4.504125244140625,0.0259714766025543,-0.026872115236707,-0.0372866125272004
1776556469733118200,4.5141181640625,-0.0145984341949224,-0.0257063045940361,-0.0045493886663578
1776556469743110400,4.5241103515625,0.0040969139248132,-0.0148972527447156,0.0248623143508331
1776556469753102300,4.534102294921875,0.004089899662137,0.0275220670454204,0.0721131322509143
1776556469763094500,4.544094482421875,0.00318915143013,0.0098288817055523,0.0675050539335701
1776556469773087200,4.554087158203125,0.02353635841012,-0.0049762905752286,0.0147571981033426
1776556469783079400,4.564079345703125,0.0453758497744798,-0.012981537050195,-0.0064941455089836
1776556469793071400,4.5740712890625,0.0669102207124233,-0.0178422932206653,-0.0126434847518452
1776556469803064300,4.584064208984375,0.0495347230195999,-0.0524824486429803,-0.036032774257916
1776556469813056300,4.59405615234375,0.0797322928845882,-0.0761340126642957,-0.0397881447360618
1776556469823048400,4.60404833984375,0.0861234552264213,-0.0739672813507728,-0.0231104177657631
1776556469833041400,4.61404150390625,0.0521048657685518,-0.0429236708493903,0.0340908738093683
1776556469843033300,4.624033447265625,-0.0033101474612951,-0.0093433814772404,0.0537818499369081
1776556469853025500,4.634025634765625,-0.0047030631244182,-0.0057878261538222,0.0416315578127745
1776556469863018200,4.644018310546875,0.0100724812030792,0.0076917235463857,0.0632335825928719
1776556469873010400,4.654010498046875,-0.0339502003967761,0.015003781859111,0.0521598656251095
1776556469883002400,4.66400244140625,-0.0426449635058641,0.0040216932641342,0.0099357418967993
1776556469892994300,4.673994384765625,-0.0167605806648731,-0.0058374009165912,-0.0188137434851494
1776556469902987300,4.6839873046875,-0.0237906254321336,0.0096834453528746,-0.0065622354592662
1776556469912979500,4.6939794921875,-0.02887012065351,0.0166362784317694,0.0106631451391847
1776556469922971100,4.70397119140625,-0.0189788412362337,0.0595312346433289,0.0140405149010824
1776556469932964400,4.71396435546875,0.0045341362982988,0.0772170221280306,0.00571953527414
1776556469942956300,4.723956298828125,-0.0039712417185306,0.0825221062662079,0.0196302977321553
1776556469952948200,4.7339482421875,-0.0097784666925668,0.051231937125232,0.0079692070472054
1776556469962941400,4.74394140625,0.0270657015800476,0.0297803490999154,0.0192228060599416
1776556469972933400,4.753933349609375,0.0224643452644348,-0.0015872509251348,0.0342156235670438
1776556469982925300,4.76392529296875,0.0084305592149496,-0.0274572947135195,0.0117756866580806
1776556469992918300,4.773918212890625,0.0309036723077297,-0.0471031667574308,-0.0376159426629776
1776556470002910500,4.783910400390625,0.0174579152792692,-0.0471476452199742,-0.0774883224832359
1776556470012902100,4.793902099609375,0.0385673388034105,0.0066991688450798,-0.0820190977806691
1776556470022895400,4.803895263671875,0.0616208821326494,0.0295454991644248,-0.0789309773059096
1776556470032887300,4.81388720703125,0.0141968676567077,0.0237096874167211,-0.0811044032217003
1776556470042879200,4.823879150390625,0.0089735800504684,0.0251178006489761,-0.0899235872949007
1776556470052871200,4.83387109375,0.0067541504353284,0.0291343062813393,-0.0745564337498042
1776556470062864400,4.843864501953125,-0.018793547797203,0.0433411108101718,-0.0191222294790088
1776556470072856300,4.853856201171875,0.0191132812708616,0.0576289629522711,0.0376775526401237
1776556470082848300,4.86384814453125,0.0402723891556262,0.0675957004922442,0.0728640510829165
1776556470092841500,4.873841552734375,0.0409399131536483,0.0176402495762333,0.0703007764661684
1776556470102833200,4.883833251953125,0.0691349110245704,0.0484410094987601,0.103213295245124
1776556470112825300,4.893825439453125,0.0766617993980646,-0.0124080845437943,0.0711990130806807
1776556470122818300,4.903818359375,0.0766898564487695,-0.0101226952866651,0.0754466057888697
1776556470132810200,4.913810302734375,-0.0069400283962488,-0.1359673903256654,-0.1284240714071784
1776556470142802200,4.92380224609375,0.0850946967005729,-0.1707977345578372,-0.1100092024629469
1776556470152795400,4.93379541015625,-0.0413438177794218,-0.1058209843923337,-0.0407573550943983
1776556470162787300,4.943787353515625,0.1289531276494264,-0.1333585595341399,-0.1178123322282452
1776556470172779300,4.953779296875,0.0743377403646707,-0.0661226687976159,-0.0783082422976847
1776556470182771200,4.963771240234375,0.0788186851710081,-0.0441947684974409,-0.0435607266439124
1776556470192764200,4.97376416015625,0.051416298982501,-0.0209743807013146,-0.0525221184996655
1776556470202756400,4.98375634765625,-0.0026280104160308,-0.0104783220576122,-0.0801334392976947
1776556470212748300,4.993748291015625,-0.0253968915849924,-0.020642171338573,-0.1110920201304368
1776556470222741200,5.0037412109375,-0.0454682042330503,-0.0126257093498483,-0.1041404656931757
1776556470232733200,5.013733154296875,-0.0579056610018014,0.0141918261554092,-0.0706569375266553
1776556470242725400,5.023725341796875,-0.0366711497932672,0.0227862341625615,-0.0237565907317912
1776556470252718300,5.03371826171875,-0.0480570516824722,0.026634708017949,0.0136791273929178
1776556470262710300,5.043710205078125,-0.0423801750898361,0.0639259076720103,0.0202347732811933
1776556470272702200,5.0537021484375,-0.0091658877521753,0.046681781273894,0.0473225268628448
1776556470282695200,5.063695068359375,-0.0021317513316869,0.023706180285383,0.0348059358767
1776556470292687400,5.073687255859375,0.0290010535567998,-0.0006845847306773,0.0285650778589071
1776556470302679300,5.08367919921875,0.0707639735311269,-0.0124132356429472,0.0091307159740943
1776556470312672300,5.09367236328125,0.1017500634253025,-0.0261216621955856,0.0096952864877181
1776556470322664200,5.103664306640625,0.1242003801643848,-0.060294072241988,0.0342378947643563
1776556470332656400,5.113656494140625,0.1402063430696725,-0.0612130137178115,0.0443117459406144
1776556470342648300,5.1236484375,0.176698044642806,-0.058215329739172,0.0520544233561027
1776556470352641300,5.133641357421875,0.1552624579042196,-0.0587322114864364,0.0657083295427961
1776556470362633200,5.14363330078125,0.1136170268297195,-0.0568981644596904,0.0260027485236525
1776556470372625400,5.15362548828125,0.0789975488692522,-0.0559443525998853,-0.0196940814000787
1776556470382618400,5.163618408203125,0.0708580815553665,-0.0457267090387642,-0.0282378186659188
1776556470392610300,5.1736103515625,0.0591197129666805,-0.0095643855504691,-0.0168808597434079
1776556470402602500,5.1836025390625,0.025973814690113,0.0114751145426183,0.0396801588835194
1776556470412595200,5.19359521484375,0.0041921909928321,0.0218491359755396,0.0515092288298066
1776556470422587400,5.20358740234375,0.0039531215399503,0.0064383990170434,0.0420658941094297
1776556470432579300,5.213579345703125,-0.0105050274014472,-0.0152039623400196,0.0119719033499248
1776556470442572300,5.223572265625,-0.0266086054623126,-0.0415030999943614,-0.0221180799768771
1776556470452564200,5.233564208984375,-0.0266992063552141,-0.0452842077019624,-0.0220629248566925
1776556470462556400,5.243556396484375,0.0007522796720266,-0.0548377430648542,-0.0793808582315687
1776556470472548400,5.25354833984375,-0.0184790750205516,-0.0397026995088905,-0.0528716306236572
1776556470482541300,5.263541259765625,-0.0097229371130466,-0.0286462487697601,-0.0370106702462071
1776556470492533200,5.273533203125,-0.0063514148533344,-0.01217195596667,-0.0005847273856634
1776556470502525400,5.283525390625,0.0036053310155868,-0.0066727009632624,-0.0052439650680869
1776556470512518400,5.293518310546875,-0.0236895031452178,0.0068850285396911,-0.0111690123020904
1776556470522510300,5.30351025390625,-0.0439408485352992,0.0075489723411388,-0.0068110134554095
1776556470532502500,5.31350244140625,-0.0233323602706193,0.0002060804987326,0.013303604044835
1776556470542495200,5.3234951171875,-0.0285983179748058,-0.0047103148491121,0.0087987577731022
1776556470552487400,5.3334873046875,-0.0304091667890548,-0.0234800981782376,0.0064548341286135
1776556470562479400,5.343479248046875,-0.000792611682415,-0.0156196852677501,0.0198804160187253
1776556470572472300,5.353472412109375,-0.0073854340761899,-0.011531831432227,0.0311875079175224
1776556470582464300,5.36346435546875,-0.0015548282265663,-0.0117651652640663,0.0302389887207653
1776556470592456400,5.37345654296875,0.0075707275152206,-5.9621232748e-05,0.0240596835979027
1776556470602448100,5.3834482421875,0.0505126281410455,-0.0020186646123416,0.020044593604491
1776556470612441300,5.39344140625,0.0503553917527198,-0.000797488786932,0.0470725706897676
1776556470622433500,5.40343359375,0.0265542449265718,-0.0176113157426938,0.0221539869738975
1776556470632425200,5.41342529296875,0.0317915610581636,-0.0260622601585462,0.0247459214295493
1776556470642418400,5.42341845703125,0.0135427876621484,-0.0011889357899315,0.01743620577096
1776556470652410400,5.433410400390625,0.0503659131467342,-0.0074392283563502,-0.0145925661431392
1776556470662402300,5.44340234375,0.0259860896497964,-0.0070103354197926,-0.0162581658343784
1776556470672395300,5.453395263671875,0.0381096581637859,0.0040037922812625,-0.0082739073485136
1776556470682387700,5.4633876953125,0.0607020137220621,0.0149264240402728,-0.0045747560030547
1776556470692380000,5.4733798828125,0.0621855302780866,0.0217372365662828,-0.010946382527356
1776556470702373000,5.483373046875,-0.0033715222597122,0.0248417601865716,-0.0035173102388391
1776556470712364800,5.49336474609375,-0.0060731824338436,0.0266316758106462,0.0191532296887598
1776556470722357000,5.50335693359375,-0.0053361003309488,0.0411600039114244,0.0500911558925407
1776556470732349000,5.513348876953125,-0.021052140378952,0.0296016680647619,0.0534606779914116
1776556470742342000,5.523341796875,-0.0054857379347085,0.0147218961778096,0.0259307518665213
1776556470752333800,5.533333740234375,-0.0086205288290977,0.0239774715074338,0.0169645925041055
1776556470762326000,5.543325927734375,0.0208662624180316,0.0313126915000379,-0.0252556473502423
1776556470772318700,5.553318603515625,0.0111439098268747,-0.0186786709795705,-0.0669036585408961
1776556470782311000,5.563310791015625,0.0133949036240577,-0.0404498463480733,-0.0892863031715154
1776556470792302800,5.573302734375,0.0216366622686386,-0.0236907452542334,-0.090653198477393
1776556470802295800,5.5832958984375,0.0328787717729806,-0.0046660190496593,-0.0489546992085175
1776556470812288000,5.5932880859375,0.0405348394840955,-0.0143318739469163,-0.0364761249780887
1776556470822280000,5.603280029296875,0.0438508321642875,0.0025744170652702,-0.0072573461505351
1776556470832273000,5.61327294921875,0.0589846884101629,0.0244257267315872,0.0367964886394096
1776556470842264800,5.623264892578125,0.0827881733238697,0.0254121804856695,0.02479078805116
1776556470852257000,5.633257080078125,0.0794897163003683,-0.0037808519792743,-0.0044221364243421
1776556470862249000,5.6432490234375,0.0876876358032226,-0.03536624120716,-0.0395187075443798
1776556470872242000,5.653241943359375,0.0222416424244642,-0.0345255708656273,-0.0721796170492889
1776556470882233900,5.66323388671875,0.0124602531224489,-0.0287145464993081,-0.0686497350232442
1776556470892226000,5.67322607421875,-0.0067366147786378,-0.0079834730345755,-0.0434015585934044
1776556470902219000,5.683218994140625,-0.0170902510106563,0.0154580284326337,-0.0119828448690474
1776556470912211000,5.6932109375,-0.0396989731818437,0.0110706436612643,-0.0167746457228437
1776556470922203100,5.703203125,-0.0156079034984111,0.0024876338309608,-0.0596666610586456
1776556470932195800,5.71319580078125,-0.0009340659797191,-0.0011253690344281,-0.0582487296852748
1776556470942188000,5.72318798828125,0.0005769231051206,0.0197697906845249,-0.0141831679249182
1776556470952180000,5.733179931640625,-0.0070411506831645,0.0176177272171713,0.0352830016368068
1776556470962172000,5.743171875,-0.0128653267920017,0.0265966592961922,0.0670128636695677
1776556470972164900,5.753164794921875,-0.0177881701469421,0.0017873218081891,0.0705905303600942
1776556470982157000,5.763156982421875,-0.0277975229859352,-0.0073571578297764,0.0597058742576045
1776556470992149000,5.77314892578125,-0.0312292510002851,-0.0335497481034137,-0.0011177748164394
1776556471002142000,5.783141845703125,-0.013413023802638,-0.0408399051115848,-0.0447133901106426
1776556471012134000,5.7931337890625,0.0410655853599309,-0.0318663615937344,-0.0680870596391847
1776556471022126000,5.8031259765625,0.0558855533510446,-0.0017487616297788,-0.0517501842790981
1776556471032119000,5.813119140625,0.083121350800991,0.0176186953315511,0.0021394825469935
1776556471042111000,5.823111083984375,0.106461894378066,0.0333902284264564,0.0448253123527858
1776556471052103200,5.833103271484375,0.0823626413881778,0.0110386228214949,0.0747265159199712
1776556471062094800,5.8430947265625,0.0973094506293535,-0.0146016125326976,0.043115663457266
1776556471072088000,5.853088134765625,0.1064098719298839,-0.049858822141122,-0.0325624495325377
1776556471082080000,5.863080078125,0.0831768803805112,-0.0475567192112095,-0.0799608592097647
1776556471092072000,5.873072021484375,0.097041739603877,-0.0549751605078578,-0.081885817656666
1776556471102065000,5.88306494140625,0.0567284339159727,-0.0092890209414996,-0.0597014218447729
1776556471112057000,5.89305712890625,0.0384177011996507,0.0160000811537727,-0.0326819659926695
1776556471122048800,5.903048828125,0.0383703549265861,0.0139450665864162,-0.0339958433365216
1776556471132042000,5.9130419921875,-0.0062695817887783,0.0395159812977537,0.0468386751689249
1776556471142034200,5.9230341796875,0.0092424601197242,0.0284901266262866,0.0466361018015304
1776556471152025900,5.93302587890625,-0.0267208336651325,-0.0036602030079811,0.0105052557303104
1776556471162019000,5.94301904296875,-0.0387403572827577,-0.0461393632265739,-0.0269887775860494
1776556471172011000,5.953010986328125,-0.0495516741544008,-0.0594137092108838,-0.0398536614200565
1776556471182003000,5.9630029296875,-0.02788169413805,-0.0760654226738028,-0.0677216877923579
1776556471191995000,5.972994873046875,-0.0166734869033098,-0.0516263615366071,-0.0167886559818871
1776556471201988000,5.982988037109375,0.0165454766094684,-0.0376630651737563,0.0098421293461928
1776556471211979800,5.992979736328125,0.0666781655222177,-0.0234629461140371,0.0323120458348887
1776556471221972000,6.002971923828125,0.0734065969944,-0.0019019246311858,0.0805068483205046
1776556471231965200,6.012965087890625,0.076830726224184,-0.0112707328106276,0.0718293240405851
1776556471241956900,6.022956787109375,0.054957917112112,-0.0449500621104612,0.0356676216067979
1776556471251948800,6.03294873046875,0.0187163909077644,-0.0491977096175774,-0.0369660456531913
1776556471261942000,6.04294189453125,0.0212374338179826,-0.0531195957690477,-0.0867516153284348
1776556471271934000,6.052933837890625,0.0236076700806617,-0.0308948496804572,-0.0560102939755655
1776556471281926000,6.06292578125,-0.0096340897858142,-0.0137356250868178,-0.0167144947671331
1776556471291918000,6.07291796875,0.0018722236126661,-0.0099726558241061,-0.0015524718726985
1776556471301910800,6.082910888671875,0.0267027134865522,-0.0109519857176579,-0.0130497617145068
1776556471311903000,6.092903076171875,0.0438958403497934,0.0074078833700157,0.0104599552838597
1776556471321895000,6.10289501953125,0.0437216528266668,0.035327772360295,0.0435070373950293
1776556471331887900,6.112887939453125,0.03306640329957,0.0393977434792555,0.0484853966297581
1776556471341879800,6.1228798828125,0.0237555541187524,0.0233077007533982,-0.0111989781820913
1776556471351872000,6.1328720703125,-0.0183195005446672,-0.0029681290905922,-0.0743621167541015
1776556471361865000,6.142864990234375,-0.019830489629507,-0.0449106251492165,-0.1165662228909786
1776556471371857000,6.15285693359375,0.013384966751933,-0.0386856314208358,-0.0772475085978396
1776556471381849000,6.16284912109375,0.0316384163230657,-0.0085289232891984,-0.0159105671062599
1776556471391841000,6.172841064453125,0.0349205067336559,0.0048207712199538,0.0401383007474476
1776556471401834000,6.182833984375,0.0322135858625173,0.0104967344971373,0.0426292773129651
1776556471411826000,6.192825927734375,0.047758945518732,0.0078704411141574,0.0238849663518136
1776556471421818000,6.202818115234375,0.0528162289083004,0.0022002499906346,0.0312886758702108
1776556471431810800,6.212810791015625,0.0336269597917795,0.0133501876994967,0.0388508867188356
1776556471441803000,6.222802978515625,-0.0220727155983448,0.0307633322552777,0.0462149629131658
1776556471451795000,6.232794921875,-0.0379547598630189,0.047797396099288,0.0390213433483382
1776556471461788000,6.242787841796875,-0.0379576824724674,0.0478902437482029,0.0399508199179079
1776556471471780000,6.252780029296875,-0.0541062687188386,0.033872166724503,0.0038953726038802
1776556471481772000,6.26277197265625,-0.0071107087880373,-0.0197839105414226,-0.062051633666153
1776556471491763700,6.272763671875,0.0217746094346046,-0.0146889802888967,-0.0730290597857441
1776556471501757000,6.2827568359375,0.0256692787855863,0.0202937962923198,-0.0053345111620612
1776556471511749000,6.2927490234375,0.045125674405694,-0.0023287900074385,0.0072100546763977
1776556471521740800,6.30274072265625,0.0680126289963722,-0.0053995757549069,-0.0031213057917309
1776556471531734000,6.312734130859375,0.073533438244462,-0.0153261274149641,-0.0242546718804631
1776556471541726000,6.322725830078125,0.0485264227598905,-0.0153119527591392,-0.0006016008886508
1776556471551718000,6.3327177734375,0.0612169775068759,0.0005147263227961,-0.0129945654951268
1776556471561710800,6.3427109375,0.0807674811512231,0.011095485841576,-0.0209501595755107
1776556471571703000,6.352703125,0.0464344189167022,-0.0094093045866116,-0.0348644245982868
1776556471581694700,6.36269482421875,0.0115004681795835,-0.0369995049647986,-0.0419236543608363
1776556471591687000,6.37268701171875,0.0223608848899602,-0.036448593083769,-0.0401113396752858
1776556471601680100,6.38268017578125,0.0055517889082431,0.0068285308457911,0.0177080175828188
1776556471611671800,6.392671875,-0.058216042125225,0.0469407062047161,0.0558025695090182
1776556471621664000,6.4026640625,-0.025591537374258,0.0246356431552208,0.0298699727452825
1776556471631657000,6.412656982421875,-0.0946966377824544,0.019245474549476,-0.0028293097083689
1776556471641649000,6.42264892578125,-0.0593389086753129,-0.0024909948318265,-0.0568368170607369
1776556471651640800,6.432640869140625,-0.0164928696393966,0.0062809982319362,-0.0628048723194049
1776556471661634000,6.442634033203125,-0.0376841262280941,0.0143585610244423,-0.0307014825328253
1776556471671625700,6.452625732421875,-0.0129307932436466,0.009687719669193,0.009810482965759
1776556471681618000,6.462617919921875,-0.0284206233203411,0.0258488366035744,0.0483433075782144
1776556471691609600,6.472609619140625,-0.0440472315192222,0.0064971617332659,0.054716623736103
1776556471701602800,6.482602783203125,-0.0116360772579908,-0.0130971262538805,0.0205284133323701
1776556471711594500,6.492594482421875,0.0228670808464288,0.0092297102360054,0.0341553538803243
1776556471721586700,6.502586669921875,0.0477858335256576,0.0092965101282112,0.0533998192162252
1776556471731580000,6.512579833984375,0.0442652581840753,0.0213315235759131,0.0258884014289826
1776556471741571600,6.522571533203125,0.0411813206940889,-0.005594020614773,-0.0014582451174501
1776556471751563800,6.532563720703125,0.0415220969557762,-0.0496681401409208,-0.0250025950377807
1776556471761556700,6.542556640625,0.100945176783204,-0.0540742113464511,-0.045466551132081
1776556471771548700,6.552548583984375,0.1084253034055233,-0.0399609485862776,-0.0633367735392879
1776556471781540600,6.56254052734375,0.0795242030918598,-0.0790936113885603,-0.087962251493521
1776556471791532800,6.57253271484375,0.0703594843834638,-0.0695544333445839,-0.0922068850596435
1776556471801525500,6.582525390625,0.0954459948450326,-0.0393238379928283,-0.0694337432740954
1776556471811517700,6.592517578125,0.0878998172491788,-0.0029821393496356,-0.0325072533131577
1776556471821509600,6.602509521484375,0.0409995343863964,0.0096427845489233,-0.0083423694748431
1776556471831502600,6.612502685546875,0.0294113879233598,0.0420758949136361,0.0172317281408468
1776556471841494800,6.622494873046875,0.0698877752184867,0.0331711057830601,0.0044260225815931
1776556471851486700,6.63248681640625,0.0374830506980419,0.008483732440602,0.0258545859243487
1776556471861479000,6.64247900390625,0.0357552039921283,-0.018394629873801,0.0162260536630637
1776556471871471600,6.6524716796875,0.0326905557245016,-0.0255442459001205,-0.0291593813570914
1776556471881463800,6.6624638671875,0.0019517185896635,-0.0253916674206033,-0.0416340420308057
1776556471891455700,6.672455810546875,-0.008726327291131,-0.0340536242386326,0.0143412491300376
1776556471901448700,6.68244873046875,0.0031979192584753,-0.0030792795811779,0.0515838878014823
1776556471911440600,6.692440673828125,0.0208072257071733,-0.0054712344853207,0.0510346929535036
1776556471921432800,6.702432861328125,0.0481347930938005,-0.0347547217126935,0.0216897258964367
1776556471931425800,6.71242578125,0.0580915389627218,-0.0459725370259955,0.0461660914032952
1776556471941417700,6.722417724609375,0.0990039795875549,0.0035027474239468,0.0742006014828803
1776556471951410000,6.732409912109375,0.0676473028153181,0.0023983663786202,0.0103927261333912
1776556471961401600,6.742401611328125,-0.0283411283433437,0.0056807490501552,0.102559653641982
1776556471971394800,6.752394775390625,0.0179816468924283,0.0089428926512599,0.0545633648365736
1776556471981386800,6.76238671875,-0.0199321964383125,0.0136138436043635,0.0208427902108989
1776556471991378700,6.772378662109375,-0.0539437716335058,-0.0087042250571772,-0.0471554814665578
1776556472001371600,6.78237158203125,-0.0046118777096271,-0.0177381935253739,-0.0994155469299759
1776556472011363800,6.79236376953125,0.0028343466430902,0.0256934633787721,-0.1219628851695917
1776556472021355500,6.80235546875,-0.0432704019278287,-0.007638787782751,-0.133621996243298
1776556472031348700,6.8123486328125,-0.0018260463833808,0.0027836028365418,-0.0438440005647018
1776556472041340700,6.822340576171875,0.0098474402755498,0.0104061336042359,-0.0019054911280283
1776556472051332600,6.83233251953125,0.0233159936577081,0.0197483277713879,0.0327870155360316
1776556472061324500,6.842324462890625,0.0207692317843437,0.0248759729834273,0.0403129175288369
1776556472071317800,6.85231787109375,0.0228542213648557,0.0033550825815647,0.0337268034370616
1776556472081309700,6.862309814453125,-0.0064887774974107,-0.0151855499004945,-0.007001700022188
1776556472091301600,6.872301513671875,0.0144353525876998,-0.0345624870762228,-0.0325510285228025
1776556472101294800,6.882294921875,0.0329576822280883,-0.044300146834366,-0.0453983356009237
1776556472111286500,6.89228662109375,0.0160088855147361,-0.030616489396803,-0.0161713278011418
1776556472121278700,6.90227880859375,0.0271902047425508,-0.0452598952446132,0.00185469708913
1776556472131270700,6.912270751953125,0.0265571675360202,-0.0048415582796558,0.0443259434293257
1776556472141263600,6.922263671875,0.0031897359520196,0.0613907266385853,0.0664718521280447
1776556472151255600,6.932255615234375,0.0230751706391572,0.0454448233574628,0.0249181087918346
1776556472161247700,6.942247802734375,-0.0179325470536947,0.0258160303125157,-0.0087603437251644
1776556472171240700,6.95224072265625,-0.0096966336280107,0.0201742615658789,-0.0124363242575898
1776556472181232600,6.962232666015625,0.0139700731635093,0.028532193936035,0.0092095213979249
1776556472191224800,6.972224853515625,-0.0038093291550874,0.0173607385151088,0.0241100483785383
1776556472201217500,6.982217529296875,0.0131283616423606,-0.0099100571829825,0.0298359060788992
1776556472211209700,6.992209716796875,0.0179454065352678,-0.0130955918839201,0.0365345680339029
1776556472221201700,7.00220166015625,0.0459434205293655,-0.0112002431239932,0.051094094990543
1776556472231193900,7.01219384765625,0.0466869323730468,0.0055265448691323,0.0494306781232357
1776556472241186600,7.0221865234375,0.0679056614905595,-0.0158855148633942,0.0447184544448275
1776556472251178800,7.0321787109375,0.0540957473248243,-0.0041117096351459,0.0073746432541171
1776556472261170700,7.042170654296875,0.0155997201919555,-0.0146257971258834,-0.0204120067113544
1776556472271163600,7.05216357421875,-0.0146533792525529,-0.0195597829293459,-0.0526526449775788
1776556472281155600,7.062155517578125,-0.0028431144714355,-0.0148713328521698,-0.0709225159605499
1776556472291147800,7.072147705078125,0.0035965631872415,-0.010127170532383,-0.0977852605807129
1776556472301140700,7.082140625,-0.027206571355462,-0.0144896035255864,-0.0984584197350777
1776556472311132700,7.092132568359375,-0.0187871180564165,-0.0056913435094058,-0.0982654544462449
1776556472321124900,7.102124755859375,-0.0094593177407979,0.0012179974876344,-0.0726662817548029
1776556472331116800,7.11211669921875,0.0042103111714124,0.0322232670063152,-0.0024675865567754
1776556472341109800,7.12210986328125,0.0123427642226219,0.0482671142365783,0.0309646909131202
1776556472351101700,7.132101806640625,0.0117845458179712,0.0463884608831256,0.0652095360080711
1776556472361093600,7.14209375,0.0041834231644868,0.0437163921296596,0.0362804151763208
1776556472371086600,7.152086669921875,0.010645312654972,0.0122122697107493,-0.0064597066665533
1776556472381078800,7.162078857421875,0.0039373394489288,-4.70174795016e-05,-0.0519912310599349
1776556472391070700,7.17207080078125,0.0395692093223333,-0.0077880235277116,-0.0792576245775446
1776556472401062700,7.182062744140625,0.0367418769419193,-0.0167739881357178,-0.0761649283923674
1776556472411055900,7.192055908203125,-0.0057359133034944,-0.0004201251082122,-0.0389663480583578
1776556472421047800,7.2020478515625,0.0462000256389379,0.0217691295418888,-0.0016744908171705
1776556472431039700,7.212039794921875,0.058771922442317,-0.0025430355463176,-0.0097272753614466
1776556472441032700,7.22203271484375,0.0608586655884981,0.0132332833215594,0.0071309204590041
1776556472451025000,7.23202490234375,0.0672755468934774,0.0010518106078729,0.0037944329800549
1776556472461016600,7.2420166015625,0.0720364776849746,-0.0179558548640459,-0.0154064626421779
1776556472471009800,7.252009765625,0.0817249280065298,-0.0251081012388691,-0.0228255523927975
1776556472481001700,7.262001708984375,0.0815302822172641,-0.0326832857334986,-0.0164397329463623
1776556472490993700,7.27199365234375,0.0533522354811429,-0.0296427855264395,0.0006720540426671
1776556472500985600,7.281985595703125,0.0235305131912231,-0.0038273762684315,0.0457679086988326
1776556472510978800,7.291978759765625,0.0172048173010349,0.0427559495996683,0.0589812269445974
1776556472520970500,7.301970458984375,0.0173152919381856,0.0602169701514765,0.0532038856521714
1776556472530962700,7.311962646484375,-0.0177338096112012,0.0352571548094972,0.0551527638307772
1776556472540956000,7.321955810546875,-0.0224064775973558,0.0117956882664933,0.0153165741353295
1776556472550947600,7.331947509765625,0.0314250658333301,-0.0181346454970538,-0.0274332288513425
1776556472560939800,7.341939697265625,0.0050555298238992,-0.0492308447021991,-0.0362535545688588
1776556472570931700,7.351931640625,0.0340536607712507,-0.0668714230719953,-0.0454198624461423
1776556472580924700,7.361924560546875,0.0543599512189626,-0.0832542564656585,-0.0504985174173023
1776556472590916600,7.37191650390625,0.0543061752051115,-0.0623814547089859,-0.0101099636692553
1776556472600908800,7.38190869140625,0.0190875623077154,-0.0407293026102706,-0.022553503118921
1776556472610901500,7.391901611328125,0.0687140552639961,-0.0100895054031163,-0.0288710613684263
1776556472620893700,7.401893798828125,0.0658212564319372,-0.0094980057833716,-0.0066946022678166
1776556472630885600,7.4118857421875,0.0337649069577455,0.0083544983040541,0.0074400320739485
1776556472640878600,7.421878662109375,-0.0129395610719919,0.0192701888656243,0.0215626837169751
1776556472650870800,7.431870849609375,-0.0253577286183834,-0.0300034720649942,-0.002017769563198
1776556472660862700,7.44186279296875,-0.0190641814321279,-0.0171216325296089,0.0184194811872672
1776556472670855000,7.45185498046875,-0.038055297628045,0.0122410574138164,0.0222971811371389
1776556472680847600,7.46184765625,-0.0055623103022575,0.0247820841548964,0.0246921043165028
1776556472690839600,7.471839599609375,0.0167675949275493,0.0044158802134916,0.0055417881040368
1776556472700831700,7.481831787109375,0.0245873287677764,0.0196621473252773,0.0358444988439325
1776556472710824400,7.491824462890625,0.0244786076962947,0.007678316075541,0.0336313711054157
1776556472720816600,7.501816650390625,0.0031295301973819,-0.0255185452032834,0.016808365329355
1776556472730808600,7.51180859375,0.0354997679263353,-0.0593038738945499,-0.0001302935824729
1776556472740800500,7.521800537109375,0.0337403570383787,-0.0523581098772585,-0.0234540686878375
1776556472750793500,7.53179345703125,0.0719195733070373,-0.0217857518831267,-0.0337480380213353
1776556472760785700,7.54178564453125,0.0428922162652015,0.0090996906481683,-0.0089262794431764
1776556472770777300,7.55177734375,0.0428922162652015,0.0090644001390784,-0.0090487550453748
1776556472780770600,7.5617705078125,0.0642617520302534,0.0411477837506681,0.0650217492178548
1776556472790762800,7.5717626953125,0.0642453854173421,0.0405692532103508,0.0647358814811799
1776556472800754400,7.58175439453125,0.0344680867910385,0.0524736625483259,0.002561192257516
1776556472810747600,7.59174755859375,0.0034983635097742,0.0036078517662361,-0.0167775044002104
1776556472820739600,7.601739501953125,-0.0476683446258306,-0.0098993165932595,-0.0465249650106765
1776556472830731500,7.6117314453125,0.0071118778318166,0.0013875819008797,-0.0545321111817844
1776556472840723500,7.621723388671875,-0.0313321268528699,0.000905278276652,-0.0462935126086696
1776556472850716700,7.631716552734375,-0.0048111996740102,-0.0065258215721696,-0.0112603210144676
1776556472860708400,7.641708251953125,0.019770868396759,0.0027568609600886,0.0264931441227905
1776556472870700500,7.651700439453125,0.0211579388409852,0.0216102857183665,0.0394225582601036
1776556472880693800,7.66169384765625,0.019409049347043,0.0311349968455731,0.0346671438939403
1776556472890685400,7.671685546875,0.0398135394722223,0.0149517046120017,0.0226158916974905
1776556472900677600,7.681677734375,0.0669336015880107,0.0037541649017482,-0.0003666322221513
1776556472910669600,7.691669677734375,0.0446457819342613,-0.0137029466599226,-0.0449867773916572
1776556472920662500,7.70166259765625,0.0437397730052471,-0.0369073331693187,-0.0793468098314944
1776556472930654500,7.711654541015625,0.0184399120539426,-0.0442521429741755,-0.0631876747916452
1776556472940646700,7.721646728515625,-0.0043090953707695,-0.0291653407404199,-0.0342259485982358
1776556472950639400,7.731639404296875,0.0088683661103248,-0.0141838985772803,-0.013427929110825
1776556472960631600,7.741631591796875,-0.0072778820484876,0.0317697876177728,-0.0001239825726952
1776556472970623500,7.75162353515625,0.0052998599737882,0.0267018732363358,0.0006988050522748
1776556472980615700,7.76161572265625,-0.0171358437180519,0.0293225771287456,-0.0190695334606803
1776556472990608600,7.771608642578125,-0.0425561161786317,0.0348832434631884,-0.0461722060502506
1776556473000600600,7.7816005859375,-0.0679676208108663,0.0085102368550375,-0.0682050462959334
1776556473010592500,7.791592529296875,-0.0849836375415325,-0.0078185282638296,-0.0623793084176722
1776556473020585500,7.80158544921875,-0.0849246008306741,-0.0061691170889884,-0.0630151312363334
1776556473030577700,7.81157763671875,-0.0039016836136579,0.0087809435551986,-0.0178227300036698
1776556473040569600,7.821569580078125,0.0265355402261018,0.0125139195384457,0.0086675737080629
1776556473050562600,7.8315625,0.0536690463453531,0.0137314055694267,0.0404207115851342
1776556473060554500,7.841554443359375,0.0462210684269666,0.0122296592369675,0.0163754629379604
1776556473070546700,7.851546630859375,0.0725783294767141,0.0271263457261025,-0.0208231721949763
1776556473080538600,7.86153857421875,0.09593582418859,0.0244110406191088,-0.0177055881637148
1776556473090531600,7.871531494140625,0.0951928968667984,0.0031703553981147,-0.0184782439034897
1776556473100523500,7.8815234375,0.0875654707282781,-0.0260133612492121,-0.0389349300067871
1776556473110515700,7.891515625,0.0973000982791185,-0.0122309378786012,-0.0235653653088957
1776556473120508700,7.9015087890625,0.1019376949518919,-0.0556912363553419,-0.0126473366597667
1776556473130500600,7.91150048828125,0.0785761085867881,-0.0432560994078405,0.0041362595545127
1776556473140492800,7.921492919921875,0.0679144293189048,-0.0323823300255462,0.0016512560720555
1776556473150484500,7.931484375,0.0437695836216211,-0.0147478526029735,0.0146902863299939
1776556473160477700,7.941477783203125,-0.000870937615633,0.0034809009183198,0.0031942933961283
1776556473170469600,7.9514697265625,0.0174929865926504,0.0294670271007344,0.0378303936978336
1776556473180461600,7.961461669921875,0.004735211828351,0.0408933340655639,0.0562472902023699
1776556473190454500,7.97145458984375,0.0057435120880603,0.0106542631464079,0.0533054828631225
1776556473201695700,7.98269580078125,0.0056996729463338,0.0094396266596391,0.0538014496865216
1776556473211687700,7.992687744140625,-0.0104880762666463,-0.0263305922385305,0.0236218264701776
1776556473221680600,8.0026806640625,-0.020388123512268,-0.0593485167538747,-0.0171583112781867
1776556473231672600,8.012672607421875,-0.0172650230556726,-0.078514039668627,-0.0691263441256247
1776556473241664800,8.022664794921875,-0.0029144261419773,-0.0895550005776807,-0.0804856594020035
1776556473251656400,8.032656494140625,0.0109825817853212,-0.0729137354435399,-0.0630871918255463
1776556473261649700,8.042649658203125,0.030709026518464,-0.0465045250108465,-0.005974562631268
1776556473271641600,8.0526416015625,0.0586550180643796,-0.0273727947678416,0.0594003291395027
1776556473281633500,8.062633544921875,0.0536754760861396,-0.0122380252065137,0.0819142856993246
1776556473291626500,8.07262646484375,0.0284954421222209,-0.0205980399359017,0.0607267189050558
1776556473301618700,8.08261865234375,0.0248766671031713,-0.039306758993864,0.0238980587288271
1776556473311610400,8.0926103515625,0.0073550389379262,-0.0358797071546316,0.0071947520759887
1776556473321602600,8.1026025390625,0.0136316349893808,-0.0579108486335724,-0.0232404533366207
1776556473331595800,8.112595703125,0.0309855053722858,-0.0155981858219951,-0.0001800327420234
1776556473341587500,8.12258740234375,0.0215548292040824,-0.0099627006856724,0.0047997284319251
1776556473351579600,8.13257958984375,0.0236526782661676,0.005491802349314,0.0182987682838924
1776556473361572600,8.142572509765625,0.0392184961885213,0.0055299789352342,0.0307355674655176
1776556473371564500,8.152564453125,0.0269569805085659,0.0001165025191381,0.0210548711921554
1776556473381556500,8.162556396484375,0.0351987391531467,-0.0091374288426712,0.0070788158124312
1776556473391548700,8.172548583984375,0.0049871407628059,-0.0088352310257032,0.0066234641272109
1776556473401541400,8.182541259765625,0.0666442632526159,-0.0091627459470182,-0.0221915196724236
1776556473411533600,8.192533447265625,0.0394178181529045,-0.0159030870527029,-0.0330059235502965
1776556473421525500,8.202525390625,-0.018176292681694,-0.0002132408918812,-0.0198711139008402
1776556473431518500,8.2125185546875,0.0485714309453964,0.0030359336297959,-0.0346123632330913
1776556473441510700,8.2225107421875,0.0105704938530921,0.0086786522245034,-0.0024705548319965
1776556473451502600,8.232502685546875,-0.0156079034984111,0.0149577324939891,0.0390955821949057
1776556473461495600,8.24249560546875,0.0001128127247095,0.0412208855194971,0.061428738827724
1776556473471487500,8.252487548828125,-0.0001806172639131,0.0508212556988,0.0599568670437205
1776556473481479700,8.262479736328125,0.011790391036868,0.0348959933469072,0.0413838301294017
1776556473491471600,8.2724716796875,-0.0158884740054607,0.0165591763412579,0.0280060237706173
1776556473501464600,8.282464599609375,-0.0321814371585845,0.0081436685649678,-0.0149723546743858
1776556473511456500,8.29245654296875,-0.0276572377324104,0.0315993264216929,-0.017957434899779
1776556473521448700,8.30244873046875,-0.0320908362656831,0.0302756035372614,-0.0150959445214364
1776556473531441700,8.312441650390625,-0.0570008211165666,0.0292418765753507,-0.0412258722218684
1776556473541433600,8.32243359375,-0.0465770422577857,0.0391074004968628,-0.0223043780629057
1776556473551425500,8.332425537109375,-0.0180325002968311,0.0325941826779395,0.0169152049710042
1776556473561417500,8.34241748046875,-0.0137198977947235,0.0192300212520174,0.0311925265859346
1776556473571410700,8.35241064453125,0.0290478153079748,-0.0094483944879844,0.0628094525963999
1776556473581402600,8.362402587890625,0.0529442392021417,-0.0136443300741724,0.0730222007866948
1776556473591394600,8.37239453125,0.0673971274465322,-0.0131096569418907,0.0490839013790246
1776556473601387500,8.382387451171875,0.0893003316968679,-0.0267170708054676,0.016689159396477
1776556473611379700,8.392379638671875,0.1210375322192907,-0.0233792133533395,-0.0350640981891192
1776556473621371400,8.402371337890624,0.1292477266818285,0.0021081147277727,-0.0474393033766187
1776556473631364600,8.412364501953125,0.0567822099298238,0.0229505761451087,-0.0885700081283226
1776556473641356500,8.4223564453125,0.0307119491279125,0.0217117915977723,-0.1164651462698355
1776556473651348500,8.432348388671874,0.018422376397252,0.0259358025009743,-0.1301300716074649
1776556473661340400,8.44234033203125,-0.0098614688009023,0.03558837779155,-0.1047669818273745
1776556473671333600,8.452333740234375,-0.0113426472693681,0.0445099901927635,-0.064282255962165
1776556473681325600,8.46232568359375,-0.0169978965520858,0.0623655812864191,-0.0444534833657089
1776556473691317200,8.472317138671874,-0.0123217214345932,0.0662220923177897,-0.0114237679478712
1776556473701310500,8.482310546875,-0.0401104765921831,0.0255105445599183,-0.0053670708579476
1776556473711302400,8.492302490234374,-0.0669938073426485,0.0031058205282315,-0.01676420652722
1776556473721294300,8.50229443359375,-0.0459884287148714,-0.0012720840287394,-0.0118516471042763
1776556473731287600,8.51228759765625,-0.0531166731595993,-0.0106954719396308,0.0004257237319368
1776556473741279500,8.522279541015624,-0.0410883817136287,-0.0034554376835003,0.029397770389961
1776556473751271200,8.532271240234374,0.0011707973450422,-0.010103259933833,0.0481361082680523
1776556473761263400,8.542263427734374,0.0387865345120429,-0.0351998533979989,0.0640722847396042
1776556473771256300,8.55225634765625,0.035392215898633,-0.0141433473711833,0.0762020455323625
1776556473781248300,8.562248291015624,0.0521931285738945,-0.0133289622483775,0.0925745310619473
1776556473791240400,8.572240478515624,0.0838017342805862,-0.0279507590525783,0.0474447467367164
1776556473801233400,8.5822333984375,0.0866682296276092,-0.0319023279562592,-0.0175550555108115
1776556473811225300,8.592225341796874,0.0922258637547493,-0.0505599561478011,-0.0659377224184572
1776556473821217300,8.60221728515625,0.0976326912343502,-0.0471937859166413,-0.0870021651565562
1776556473831210500,8.61221044921875,0.1218909341782331,-0.0550395492472685,-0.1034380895774811
1776556473841202200,8.6222021484375,0.1218926877439022,-0.0483289274264127,-0.1056006379062309
1776556473851194400,8.6321943359375,0.1063175174713134,-0.0119841600432991,-0.0471706607693806
1776556473861186300,8.642186279296874,0.0789104551076889,0.055237610836327,0.0169110493856947
1776556473871179300,8.65217919921875,0.0634691403478384,0.0537784250039607,0.0685974248806945
1776556473881171500,8.66217138671875,0.0287169759184122,0.0688741959954611,0.0764568879431113
1776556473891163400,8.672163330078124,-0.0289314954519271,0.0317905198785476,0.0457005151515826
1776556473901156400,8.68215625,-0.0238759656280279,-0.0086924250215291,0.0145725417018402
1776556473911148300,8.692148193359374,-0.0571136338412761,-0.0289280065868981,-0.0421193961286451
1776556473921140500,8.702140380859374,-0.051280105382204,-0.059451922329422,-0.067139727752516
1776556473931133200,8.71213330078125,-0.0473760836809873,-0.0781585955607704,-0.0477823811932466
1776556473941125400,8.72212548828125,-0.0127875853806734,-0.064216561181657,-0.0037872908532153
1776556473951117300,8.732117431640624,0.0110316816240549,-0.0358917811849154,0.0672525587435346
1776556473961110300,8.7421103515625,0.0432283163517713,-0.0147817183399572,0.0961332647231407
1776556473971102500,8.7521025390625,0.0656868163973093,-0.0159312354349531,0.0663049300293438
1776556473981094400,8.762094482421874,0.0550678072273731,-0.0302187770497985,0.0332520803310908
1776556473991086600,8.772086669921874,0.0381651877433061,-0.0553136169482953,-0.0160908738429192
1776556474001079300,8.782079345703124,0.024105098208785,-0.0609583996359258,-0.0197900480212643
1776556474011071500,8.792071533203124,0.0293529357343912,-0.0636911125354468,-0.0251937154293991
1776556474021063400,8.8020634765625,0.0184375739663839,-0.0342017822713591,1.68232706375e-05
1776556474031056400,8.812056396484374,0.0272691151976585,-0.022865418612305,0.0055274581845849
1776556474041048300,8.82204833984375,0.0266717338263988,-0.0009906367388553,-0.0015406444375868
1776556474051040500,8.83204052734375,0.0049772038906812,0.0167672478676773,0.0056791507481131
1776556474061033200,8.842033203125,0.0045417350828647,0.0263655356877483,-0.0021626761929132
1776556474071025400,8.852025390625,0.0130967974603176,0.0092598131133243,-0.0236021445221733
1776556474081017300,8.862017333984374,-0.0018336451679468,0.0006599434797652,-0.0036312509081326
1776556474091010300,8.87201025390625,-0.0417442152738571,-0.0191382695816457,0.0059897875998634
1776556474101002500,8.88200244140625,-0.0012958850294351,-0.0102740133908577,-0.0002948090949561
1776556474110994400,8.891994384765624,0.020447744745016,0.0183163770058192,0.0453735482195392
1776556474120987400,8.9019873046875,0.0044756841093301,0.0460920169535093,0.0640120789849665
1776556474130979300,8.911979248046874,0.0170791450947523,0.0297786868657916,0.0437321742206811
1776556474140971500,8.921971435546874,0.0271340906411409,0.0217713945642113,0.0155326189056504
1776556474150963200,8.931963134765626,-0.0024631752431392,0.0037146183426491,-0.0149927855410613
1776556474160956400,8.941956298828124,-0.0374450567752122,-0.0087312226619571,-0.0328388142219278
1776556474170948400,8.9519482421875,-0.0225906019926071,-0.0259021011607721,-0.0256436146213673
1776556474180940300,8.961940185546876,0.015309797334671,-0.0094670991884544,-0.0161243833868764
1776556474190933500,8.97193359375,0.0556003066688776,0.0028987171161919,-0.0044163460043724
1776556474200925400,8.981925537109374,0.0536783986955881,0.0177209318633191,0.0191277481876313
1776556474210917400,8.99191748046875,0.0677577774524688,0.0329083814599551,0.0267798521096818
1776556474220910300,9.001910400390624,0.0635743542879819,0.0797145745648071,0.0136951743454206
1776556474230902500,9.011902587890624,0.061630819004774,0.0912449446923099,0.0119354529302101
1776556474240894200,9.021894287109374,0.0478612368494272,0.0423445740534923,-0.0283492568508721
1776556474250887400,9.031887451171874,0.0086503394454717,0.0165270093710161,-0.0444583696033805
1776556474260879400,9.04187939453125,0.0167278474390506,0.0054139513401314,-0.0643620888658799
1776556474270871300,9.051871337890624,0.0207692317843437,-0.0206454410078935,-0.085121073250845
1776556474280864500,9.061864501953124,0.0104547585189342,-0.0398042601872235,-0.0869756059431936
1776556474290856400,9.0718564453125,0.0516167899906635,-0.0179942323793657,-0.0572816747514065
1776556474300848000,9.08184814453125,0.0573088641524314,0.0084903813770972,-0.0182306258179713
1776556474310840300,9.09184033203125,0.089479195395112,0.0117556850496679,0.0260188411419279
1776556474320833500,9.10183349609375,0.0987491280436515,0.0236457370687276,0.0113721747579518
1776556474330825200,9.1118251953125,0.0789654001653194,0.0052197074096649,0.0221367024789564
1776556474340817400,9.1218173828125,0.0266951147019863,-0.0027294432302005,-0.0470860512258484
1776556474350810400,9.131810302734374,0.0273936183601617,-0.0216164414645172,-0.0328152506832499
1776556474360802300,9.14180224609375,-0.0295130947321653,-0.0311818864609114,-0.0234137184111401
1776556474370794200,9.151794189453126,-0.057082069659233,-0.03000374605963,-0.0377781611870974
1776556474380787500,9.161787353515624,-0.0804448250681161,-0.0143488616143353,-0.0285954958300571
1776556474390779100,9.171779052734376,-0.0502139374554157,0.0107314565684646,-0.0138986975608859
1776556474400771300,9.181771240234376,-0.0295446589142084,0.0311987827967852,-0.0087842406239826
1776556474410764500,9.1917646484375,-0.021287118178606,0.0201829197963699,0.0110688352966681
1776556474420756200,9.201756103515624,-0.019457564663887,0.0227575560573488,0.0071307834616862
1776556474430748400,9.21174853515625,-0.0167301855266094,-0.0115678525936789,-0.0148356039516627
1776556474440740400,9.221740234375,-0.0386889193564653,-0.0382258501556701,-0.0411594559221528
1776556474450733300,9.2317333984375,-0.0013958382725715,-0.0382678261338733,-0.0317661069564986
1776556474460725200,9.241725341796876,0.0276572377324104,-0.0016716047403402,0.0185371801496483
1776556474470717400,9.251717529296876,0.0360492185026407,-0.0026376915598288,0.0398454689804464
1776556474480710100,9.261710205078124,0.0403904625773429,-0.0011775193467736,0.052398149626702
1776556474490702300,9.271702392578124,0.0707616354435682,0.0178601576709188,0.0375283328781835
1776556474500694300,9.2816943359375,0.0586322217106819,0.0176504787093028,0.0172631781584583
1776556474510687200,9.291687255859374,0.0699988343775272,0.0128285201792605,-0.0034585429560393
1776556474520679400,9.301679443359374,0.1023188032239675,-0.0112303642676211,-0.008360708849132
1776556474530671400,9.31167138671875,0.0839081172645092,-0.0182507461573928,-0.0470443218428175
1776556474540664300,9.321664306640624,0.0997591818690299,-0.0171619645399972,-0.0334785916964989
1776556474550656300,9.33165625,0.0983972458660602,-0.0011512706606648,-0.0051625612617935
1776556474560648400,9.3416484375,0.082660747551918,0.0062713536207564,0.0162134225103538
1776556474570641200,9.35164111328125,0.0730500386416912,0.0150375562645494,0.0325919724545441
1776556474580633300,9.36163330078125,0.0284252994954586,0.0345225934572517,0.072589033533819
1776556474590625300,9.371625244140626,-0.0049643444091081,0.0724749787000939,0.0842005334729794
1776556474600617500,9.381617431640626,-0.0143979431867599,0.0491154564279131,0.0207950694784987
1776556474610610200,9.391610107421876,-0.0458189173668622,0.036049693426676,-0.0343097909567877
1776556474620602400,9.401602294921876,-0.0413192678600549,0.029746245900914,-0.0230793170913122
1776556474630594300,9.41159423828125,-0.0556704492956399,0.0299187529236078,0.0029693346669897
1776556474640587300,9.421587158203126,-0.0573006808459758,-0.0085368873999454,-0.0072397054625675
1776556474650579500,9.431579345703126,-0.0641594606995582,-0.0305015943128615,-0.0303294160837307
1776556474660571400,9.4415712890625,-0.019535890597105,-0.0523455426566302,-0.0263357159382198
1776556474670564400,9.451564453125,-0.002749006447196,-0.0611820705902762,-0.0227008848335128
1776556474680556300,9.461556396484376,0.0370826532036066,-0.0678968753959052,-0.004474259337224
1776556474690548500,9.471548583984376,0.0429442387133836,-0.0695923907347954,0.0192314642904326
1776556474700541400,9.48154150390625,0.0727431646496057,-0.0929473646960221,-0.0091832681452389
1776556474710533400,9.491533447265626,0.0902560249865055,-0.0847068481604568,0.0108693854681216
1776556474720525600,9.501525634765626,0.0823158796370029,-0.0850253943240269,0.0139744114119093
1776556474730517500,9.511517578125,0.0421972197383642,-0.0429312879002653,0.0385033245233353
1776556474740510500,9.521510498046876,0.0207826757878065,-0.0118092601341195,0.0658640543940477
1776556474750502400,9.53150244140625,0.0081973349809646,0.014608681594301,0.063107540493831
1776556474760494600,9.54149462890625,-0.0202437466055154,-0.0140652041010558,0.018324615111202
1776556474770487600,9.551487548828124,-0.026080197674036,-0.000112319534365,-0.019957157349633
1776556474780479500,9.5614794921875,-0.0247182616710662,0.0078204827588982,-0.0460784724853467
1776556474790471700,9.5714716796875,0.0152601129740476,-0.0062154769813641,-0.0533445544981863
1776556474800464400,9.58146435546875,0.0236696294009685,0.0026972214610315,-0.0421728707483969
1776556474810456600,9.59145654296875,0.040606735676527,0.0247450218138284,-0.009481703102542
1776556474820448500,9.601448486328126,0.0443716411679983,0.0195163821790367,-0.0039357959458138
1776556474830440400,9.6114404296875,0.0680289956092834,0.0022075930468738,0.0158879808151163
1776556474840433400,9.621433349609376,0.0607014292001724,0.0021813991596922,0.0267779980793129
1776556474850425600,9.631425537109376,0.0309171163111925,-0.0066015902221202,0.0062531329774763
1776556474860417300,9.641417236328126,0.0077186115533113,-0.0039794798239134,-0.0417196836207993
1776556474870410500,9.651410400390626,0.0009837503403425,-0.0048099758313037,-0.0638234154119156
1776556474880402700,9.661402587890626,0.0198427645891904,-0.0136596555074676,-0.0881429144232068
1776556474890394400,9.671394287109376,0.0182055187761783,-0.0028621296991594,-0.0719840168453753
1776556474900387600,9.6813876953125,0.0548725769162178,0.0067811297737993,0.0124973611292894
1776556474910379500,9.691379638671876,0.0440975004017353,0.0478141828373074,0.0898045640251133
1776556474920371500,9.701371337890626,0.0270323838323354,0.0329351598690263,0.1167573524157516
1776556474930364400,9.711364501953126,0.0279220261484384,0.0251650921231135,0.0567342380356742
1776556474940356600,9.721356689453126,-0.0593242956280708,0.0289568856215104,0.0047635154742281
1776556474950348300,9.731348388671876,-0.0213023157477378,0.0074870495534501,-0.0506995655478909
1776556474960340500,9.741340576171876,0.0035603228300809,0.0286896129874512,-0.0440304082485847
1776556474970333400,9.75133349609375,-0.0221451963126659,0.0267964196519926,-0.0306587211033329
1776556474980325400,9.761325439453126,-0.010887889239192,-0.019464158801455,-0.0361018254727125
1776556474990317300,9.7713173828125,-0.0093599490195512,-0.0009272526464425,-0.0305827149913646
1776556475000310500,9.781310546875,0.0464823497116565,0.0108987211604602,-0.0258874059151392
1776556475010302500,9.791302490234376,0.0515869793742895,0.0216720258429646,-0.01226933366023
1776556475020294400,9.80129443359375,0.0572819761455059,0.0079539729454554,-0.0016413009336218
1776556475030287600,9.81128759765625,0.067460840332508,-0.0084855408051982,-0.0042038448980078
1776556475040279300,9.821279296875,0.0507014287114143,-0.0133367071634158,-0.025616854478605
1776556475050271500,9.831271484375,0.0556377160698175,-0.0061892465615645,-0.0086070300267077
1776556475060264400,9.841264404296876,0.0601174918323755,-0.0075499952544458,0.0132612947064917
1776556475070256400,9.85125634765625,0.0448263991981744,-0.0172745946016162,0.0233102032377384
1776556475080248300,9.861248291015626,0.0178436997264623,-0.0138898475341498,0.0163081424559466
1776556475090240500,9.871240478515626,0.0056675242424011,-0.0025012604975141,0.006409501716122
1776556475100233500,9.8812333984375,-0.0219189863413572,-0.0122167997553944,-0.0076377100705169
1776556475110225400,9.891225341796876,-0.0478460392802953,-0.0149634498487226,-0.0235537844689562
1776556475120217600,9.901217529296876,-0.0267751942008733,-0.0004830525428988,-0.0298028349263593
1776556475130210300,9.911210205078126,-0.0047919104516506,0.0255522282771766,-0.0364270297059323
1776556475140202500,9.921202392578126,-0.0160194069087505,0.0347200157254934,-0.0002728347251657
1776556475150194400,9.9311943359375,-0.0456383001029491,0.0353106750950217,0.0088675258601084
1776556475160187400,9.9411875,-0.0439659829765558,0.0271627504800446,-0.0171334325652569
1776556475170179300,9.951179443359376,-0.0259761527776718,0.0036690804341807,-0.0103108839356806
1776556475180171500,9.961171630859376,-0.0388040701687335,0.0210730005038902,-0.0137822041749022
1776556475190163500,9.97116357421875,-0.0359177010774612,0.0258820812860503,-0.0146826281799236
1776556475200156400,9.981156494140626,0.0115624274998903,0.0195378998911008,-0.0160318234323291
1776556475210148400,9.9911484375,0.0298503638625144,0.0156305171890184,-0.0181890745314536
1776556475220140500,10.001140625,0.0476823731511831,0.0210496744272299,-0.0063128318420378
1776556475230133500,10.011133544921876,0.0705956312268972,0.0066704359409399,0.0022630221616942
1776556475240125400,10.02112548828125,0.0572924975395202,0.0032953700172714,0.0061294243994168
1776556475250117600,10.03111767578125,0.0550648846179246,0.0086229399818927,0.0502572194747161
1776556475260110300,10.0411103515625,0.0838105021089315,0.0044764512943103,0.0257133827887941
1776556475270102500,10.0511025390625,0.0977408277839422,-0.0023310184971429,-0.0095168383480049
1776556475280094500,10.061094482421876,0.1058294416934251,-0.0473341442354023,-0.0475919092555996
1776556475290087400,10.07108740234375,0.0809849232941865,-0.021584840749856,-0.0031859182934276
1776556475300079400,10.081079345703126,0.1343979490518569,-0.0193235630206763,-0.0038831798425875
1776556475310071600,10.091071533203126,0.1032534537255764,-0.0348635523820295,-0.0036971831506583
1776556475320063200,10.101063232421875,0.02571837862432,-0.0224292556847445,-0.0084427885088603
1776556475330056400,10.111056396484376,0.0542763645887374,-0.0010531623147428,0.0077512351812794
1776556475340048600,10.121048583984376,0.0467635047405958,0.0154244184239767,0.0539038780145347
1776556475350040300,10.131040283203124,-0.0324257673084735,0.0234426887772977,0.0938298374858219
1776556475360033500,10.141033447265626,-0.023019641059637,0.0084500493667088,0.0393593842302449
1776556475370025500,10.151025390625,-0.0496697475761175,-0.0140578062458895,0.0311929832436609
1776556475380017400,10.161017333984375,-0.0787058724462985,-0.0203325939327478,-0.0089647574231959
1776556475390010400,10.17101025390625,-0.0574497339278459,-0.0305670607645064,-0.0225648556299973
1776556475400002600,10.18100244140625,-0.0523415971338748,-0.0489565578054636,-0.0239646211590152
1776556475409994200,10.190994140625,-0.0125075993955135,-0.0501332003694027,-0.0446723868133965
1776556475419986400,10.200986328125,0.0388496628761291,-0.0395108667312189,-0.015966370680416
1776556475429979600,10.210979736328126,0.051298810082674,-0.0170092216636985,0.0136641490194946
1776556475439971300,10.220971435546875,0.0670341393530368,-0.0186165837951004,0.0329923882152885
1776556475449963300,10.23096337890625,0.074680270192027,-0.0177701595662161,0.040528062683437
1776556475459956500,10.24095654296875,0.0652589463740587,-0.0232226893510669,0.0064175845578778
1776556475469948400,10.250948486328124,0.039373979011178,-0.0435785180289298,-0.0219462305413093
1776556475479940400,10.2609404296875,0.0100502693712711,-0.0364760290799662,-0.0635707740914076
1776556475489933600,10.27093359375,0.0164963767707347,-0.0180970716993324,-0.0287045548282563
1776556475499925200,10.28092529296875,0.0281821383893489,0.0025590368330478,-0.0266215197428129
1776556475509917400,10.29091748046875,0.027598201021552,0.0141400229029357,-0.0094920418334659
1776556475519910400,10.300910400390626,0.0056195934474468,0.0258899723315611,0.0065190173720475
1776556475529902300,10.31090234375,0.0128214876502752,0.0161158712868578,0.0272199422936886
1776556475539894300,10.320894287109375,0.0149409640222787,0.0119640305707231,0.0507052007042337
1776556475549886500,10.330886474609375,0.0116781628340482,-0.0074229530749842,0.0308522252482827
1776556475559879400,10.34087939453125,-0.0259995336532592,-0.0225318392763845,0.0453368420714978
1776556475569871400,10.350871337890624,0.0355342547178268,-0.0135071683594956,0.0074882733961567
1776556475579863600,10.360863525390624,0.0774503194272518,-0.0002935030538588,0.0002261369060724
1776556475589856500,10.3708564453125,0.0053296705901622,0.0028476079834625,0.0299016373920254
1776556475599848400,10.380848388671875,0.0315244345545768,0.0181674335218034,0.0102208036325871
1776556475609840400,10.39084033203125,0.0622089111536741,-0.00526685275333,-0.003761708887387
1776556475619833300,10.400833251953124,0.0064028527796268,-0.0011664134308695,0.0119233606336172
1776556475629825300,10.4108251953125,0.0055213937699794,-0.018509360560961,0.0015689389503095
1776556475639817500,10.4208173828125,0.0330792627811431,-0.0119500751106068,0.0154776281822472
1776556475649809400,10.430809326171875,0.008403671208024,-0.0116568277850747,0.018244850706146
1776556475659802400,10.44080224609375,-0.0007113631397485,-0.0031078846211545,-0.0115916353280656
1776556475669794600,10.450794677734375,-0.0039899464190006,-0.0052615920563228,-0.0134443733555497
1776556475679786500,10.460786376953124,0.0043985272198915,0.0027222645707428,-0.0496874293632805
1776556475689779700,10.47077978515625,-0.0181815533787012,0.0402551092272624,-0.0462797306784894
1776556475699772000,10.48077197265625,-0.0216015909552574,0.0439430222260765,-0.045123870607675
1776556475709763800,10.490763916015624,-0.0101969843655824,0.0130339613571763,-0.0547362600183347
1776556475719756800,10.5007568359375,-0.0151011230200529,0.0275760987875983,-0.0157834153289441
1776556475729748700,10.510748779296875,0.0019914660781621,0.0451058189277537,0.0152665701142977
1776556475739741000,10.520740966796875,0.0023246435552835,0.036158834623266,0.0291302602938842
1776556475749732600,10.530732666015624,0.0248076935201883,0.0200343051059171,0.0263086818008217
1776556475759725800,10.540725830078124,0.0335240839391946,0.0216142495074309,0.0002172229472547
1776556475769718000,10.550718017578124,0.0443295555919408,0.012253387172427,-0.0475961927050724
1776556475779709700,10.560709716796875,0.086858783763647,0.0031923297679051,-0.0959186447249259
1776556475789703000,10.570702880859375,0.1257902797043323,-0.015583956367243,-0.118203888829099
1776556475799694800,10.58069482421875,0.136572370481491,-0.0193713294188491,-0.0752070066130254
1776556475809686800,10.590686767578124,0.1239876141965389,-0.0327536110233515,-0.016077215210325
1776556475819679700,10.6006796875,0.0892389568984508,-0.0111918771544471,0.0403431208708556
1776556475829672000,10.610671875,0.0377227046728134,-0.013713486320246,0.0595696989236166
1776556475839663600,10.62066357421875,0.0147919109404087,-0.0142771298186853,0.0116976392860757
1776556475849655800,10.63065576171875,0.0080278236329555,-0.0141578508205711,0.0010010028692428
1776556475859648800,10.640648681640624,-0.0653203211724758,-0.0231046524619683,-0.0218500812570331
1776556475869640700,10.650640625,-0.0592003769874572,-0.0146441182338632,-0.0356655483807204
1776556475879632600,10.660632568359375,-0.0532172109246253,-0.0014100859936326,-0.0396592667925404
1776556475889625900,10.6706259765625,-0.0319634104937315,0.0214268554428592,-0.0162363101955968
1776556475899617800,10.68061767578125,-0.0626291823923587,0.0477816322745755,0.0336075883710291
1776556475909609700,10.690609619140623,-0.0841571235895156,0.0661792578230612,0.0587934492875356
1776556475919603000,10.70060302734375,-0.0606342091828584,0.061532710658852,0.0406347561946138
1776556475929595000,10.710594970703124,-0.0454851553678512,0.0561712384246289,0.0255905372938374
1776556475939586800,10.7205869140625,-0.0428992305278778,0.0419199371669441,0.0055931255656294
1776556475949578800,10.730578857421875,-0.0251934779673814,0.0295643317290581,-0.0036091395410243
1776556475959571700,10.74057177734375,-0.0044891281127929,0.0107078016982413,-0.0016070059383753
1776556475969563600,10.750563720703123,0.0305810162246227,-0.0224024772756732,-0.0034065616070525
1776556475979555800,10.760555908203123,0.0614572160035371,-0.0506963506774976,-0.009182784088049
1776556475989548800,10.770548828125,0.1083393786877393,-0.0597303739446215,-0.0116695639690617
1776556475999540700,10.780540771484375,0.1378483817666769,-0.0569416017426177,-0.0050893042293377
1776556476009533000,10.790532958984375,0.1294809509158134,-0.0781744872496463,0.0153630390589823
1776556476019526000,10.80052587890625,0.1390536659032106,-0.0681143358051776,-0.004963700521714
1776556476029517800,10.810517822265624,0.1367892281025648,-0.0488380825249478,-0.0121093664587009
1776556476039509800,10.820509765625,0.1093739824324846,-0.0460448533435352,-0.0174827620261581
1776556476049502000,10.830501953125,0.0668389090418815,0.0027929186541587,-0.0080725669569801
1776556476059494700,10.84049462890625,0.0491401707440614,0.0404710900655016,0.0077049940199125
1776556476069486800,10.85048681640625,0.0428103832006454,0.0561317831970751,0.0064110041200416
1776556476079478800,10.860478759765623,-0.0190314482063055,0.0568563346119597,0.0442694731348892
1776556476089471700,10.8704716796875,-0.024448212558031,0.0459281864276155,0.0215499247001018
1776556476099464000,10.8804638671875,-0.0424251832753419,-0.0033727643687278,-0.0113687498250044
1776556476109456000,10.890455810546875,-0.0701180768430232,-0.0128252139773219,-0.0098566556284669
1776556476119448800,10.90044873046875,-0.0663812284022569,-0.0293378294968046,-0.0234078777588205
1776556476129440800,10.910440673828123,-0.0425870958387851,-0.0526477222072891,-0.03913044801231
1776556476139433000,10.920432861328123,0.0084410806089639,-0.0537870832344517,-0.0022023414830211
1776556476149425000,10.9304248046875,0.0055938744843006,-0.0235919610548764,0.0551796883703209
1776556476159417900,10.94041796875,0.0241460147410631,-0.0065426448428072,0.0680223923385608
1776556476169409800,10.950409912109375,0.0281844764769077,-0.0164063056007958,0.0489873776354128
1776556476179402000,10.960402099609375,0.0456938296824693,-0.0305719561353325,0.0177804206653265
1776556476189394700,10.970394775390623,0.0243014975637197,-0.0565797461602836,-0.0001774252264061
1776556476199387000,10.980386962890623,-0.0120487497121095,-0.0545097532195039,-0.0091821219343459
1776556476209378800,10.99037890625,0.0083241762310266,-0.0568077644961886,-0.0215750911073992
1776556476219371800,11.000371826171875,0.0494967290967702,-0.0504269591515883,-0.0322025941110448
1776556476229364000,11.010364013671875,0.0333539880692958,-0.0351866833891719,-0.0067166908020386
1776556476239356000,11.02035595703125,0.0516220506876707,0.0009226130039431,0.0215969832787988
1776556476249347800,11.030347900390623,0.0532727405041456,0.0179460458560846,0.0230582925695925
1776556476259340800,11.0403408203125,0.0411538481652736,0.0027048019792884,0.0168145210755057
1776556476269333000,11.0503330078125,0.009285714739561,0.0004825593525543,-0.0021799469881225
1776556476279324700,11.06032470703125,0.001812602379918,-0.0057445167350582,-0.005271451296634
1776556476289318000,11.07031787109375,-0.0095469960242509,-0.0148497238085605,-0.0008410356677137
1776556476299309800,11.080309814453123,-0.005938157877326,0.0068880607469938,0.0234171068114694
1776556476309301800,11.0903017578125,0.0123410106569528,0.0175064305961132,0.0279864605536218
1776556476319295000,11.100294921875,0.0333119024932384,-0.0033657501060515,0.0309025626294547
1776556476329287000,11.110286865234375,0.0412619847148656,0.0241963749551214,0.0348831475650658
1776556476339278800,11.12027880859375,0.0327501769572496,0.0403802699768915,0.0481267285183537
1776556476349270800,11.130270751953123,0.0178021986722946,0.0225355838697403,0.0341392521288944
1776556476359264000,11.140263916015623,-0.0080669865995645,-0.011815324548725,-0.012477035293891
1776556476369255700,11.150255615234377,-0.0049047231763601,-0.034237803432811,-0.0534331369639374
1776556476379247900,11.160247802734377,-0.0101221655637025,-0.0139525740394368,-0.0533364944893168
1776556476389240800,11.17024072265625,0.004267009794712,-0.0043735206427983,-0.0215195249952608
1776556476399232800,11.180232666015623,0.0014513678520917,0.0069702408714219,-0.00795788650217
1776556476409224700,11.190224609375,0.035891982114315,0.0040744280983693,-0.0108318390698637
1776556476419218000,11.200218017578123,0.036057986330986,0.0435323042670264,0.0191923241567099
1776556476429209600,11.210209716796877,0.03666588909626,0.0513821592508815,0.0378145385415758
1776556476439201800,11.220201904296877,0.0016536124259233,0.0377562781488522,0.004634623830975
1776556476449195000,11.230195068359375,-0.0275216286540031,0.0213814271322451,-0.0508402435270603
1776556476459186700,11.240186767578123,-0.0043166941553354,-0.0059439665636047,-0.080727934592124
1776556476469179000,11.250178955078123,0.0058756140351295,0.0047902482175268,-0.0808653063693549
1776556476479170800,11.2601708984375,0.0136836574375629,0.0197256592818535,-0.0567696883749682
1776556476489163800,11.270163818359377,0.0252396551966667,0.0126389524239115,-0.032066870868206
1776556476499155700,11.28015576171875,0.019741057780385,0.0106434129588305,-0.0286438376169651
1776556476509148000,11.29014794921875,0.0440197589904069,0.0377594747529365,0.0087969128758879
1776556476519140600,11.300140625,0.082505849251151,0.0276171066514216,0.03497981743915
1776556476529132800,11.3101328125,0.0765326200604438,0.0065630117774009,-0.0039280464641982
1776556476539124700,11.320124755859377,0.0730868635207414,-0.0338678558755666,-0.0365268276854418
1776556476549117000,11.330116943359377,0.0688812285244464,-0.0423426012921147,0.0108510780598735
1776556476559110000,11.34010986328125,0.0353425315380096,-0.028884678901825,0.036294977991213
1776556476569101800,11.350101806640623,0.0348696533292531,-0.034918479173351,0.018864343444514
1776556476579094000,11.360093994140623,0.012698738053441,-0.0289814355408772,-0.0058470546609256
1776556476589086700,11.370086669921877,-0.0114110363304615,-0.0325807752070948,-0.0348892165462486
1776556476599079000,11.380078857421877,-0.0206979201138019,-0.0014081132322549,-0.0567344937640009
1776556476609070800,11.39007080078125,-0.0625935265570879,0.0280329574433155,-0.0321579421185655
1776556476619063800,11.400063720703123,-0.059133741492033,0.0261543954214081,-0.0288649649877799
1776556476629055700,11.4100556640625,-0.036507483664155,0.0358484717661514,-0.0204698606787016
1776556476639048000,11.4200478515625,-0.0277893396794795,0.0480659473749808,0.019086740323808
1776556476649040000,11.430039794921877,-0.0237076233237981,0.0644577312600798,0.022822264457168
1776556476659032800,11.44003271484375,-0.0089992990136146,0.0482106713416054,0.0144488696563988
1776556476669024800,11.450024658203125,-0.0065595046460628,0.0553441764833405,0.0046708778878673
1776556476679016700,11.4600166015625,-0.0171323365867137,0.0265646567227318,-0.0260189553063595
1776556476689009700,11.470009765625,0.0130032739579677,-0.0215691865229979,-0.0656521149766864
1776556476699001900,11.480001953125,0.0172545016616582,-0.0536529537270776,-0.0682389942313078
1776556476708993800,11.489993896484377,0.0617564912110567,-0.0631288024775683,-0.0736871218356769
1776556476718986800,11.49998681640625,0.1285427932828664,-0.0659746568953618,-0.0145395070819184
1776556476728978700,11.509978759765623,0.1405401050686836,-0.0259237832696177,0.0253617335066432
1776556476738971000,11.519970947265625,0.1405424431562423,-0.0147295132286846,0.0150559504377655
1776556476748962600,11.529962646484377,0.1066997947871685,-0.0123230731414631,0.0755707390586147
1776556476758955800,11.539955810546877,0.0701432112842798,0.0008946290184743,0.0629013184312032
1776556476768947700,11.54994775390625,0.0332780002236366,-0.012485241433233,0.0184150287744356
1776556476778939600,11.559939697265625,-0.024231939458847,-0.0095264464265666,-0.0273914629356935
1776556476788932900,11.569932861328123,-0.0253179811298847,-0.0155256685750558,-0.0559848946728277
1776556476798924800,11.5799248046875,-0.0501876339703798,0.0005815079486928,-0.0456984693249687
1776556476808916700,11.589916748046877,-0.0277618671506643,0.0057430188977159,-0.0479592629969585
1776556476818909700,11.59990966796875,-0.0223889419406652,0.0089501261096447,-0.0202972394915763
1776556476828902000,11.60990185546875,0.0033393735557794,0.0248139405978843,0.0303985175308771
1776556476838893600,11.6198935546875,0.0241314016938209,4.19942445121e-05,0.08580416014418
1776556476848885800,11.6298857421875,0.024125556474924,-0.014491905080527,0.0953264783849008
1776556476858878700,11.639878662109377,0.0549421350210905,-0.0460054529149085,0.0913362488381099
1776556476868870700,11.64987060546875,0.0612111322879791,-0.0631801490723155,0.057141412330768
1776556476878862600,11.659862548828125,0.0254272867232561,-0.0709382706521079,0.0018770185187924
1776556476888855800,11.669855712890625,0.0487514636874198,-0.0705504403783008,-0.0511696627110941
1776556476898847500,11.679847412109376,0.0592056376844644,-0.058249652133882,-0.0761564254255034
1776556476908839700,11.689839599609376,0.0599310293495655,-0.0355647046550177,-0.058510604625009
1776556476918831600,11.69983154296875,0.0908826324522495,-0.0133496214439161,-0.0129578319476218
1776556476928824600,11.709824462890625,0.046261400437355,-0.007769464957714,0.0223902890809578
1776556476938816800,11.719816650390625,0.0362064548909664,-0.0186078524993732,0.0281672970132436
1776556476948808700,11.72980859375,0.0354296252995729,-0.0146117686005309,0.0383413708606967
1776556476958801700,11.7398017578125,0.0265723651051521,-0.0263261352591216,0.035904891828238
1776556476968793600,11.749793701171876,0.0132224696666002,-0.0269970933232456,-0.0051407421556301
1776556476978785800,11.759785888671876,0.0148351655602455,-0.0339254495480097,-0.0228585550466785
1776556476988778500,11.769778564453125,0.0158475574731826,-0.0510488721759058,-0.0235010679010301
1776556476998770700,11.779770751953125,-0.0198018480569124,-0.0236306673637591,-0.0117192391965305
1776556477008762600,11.7897626953125,-0.0244675017803907,-0.0039839368033222,0.0120410002304939
1776556477018754800,11.7997548828125,0.0106762923151254,0.0140753784351982,0.0197057033392135
1776556477028747800,11.809747802734377,-0.0336339740544557,0.0193154162468388,0.0589636684550205
1776556477038739700,11.81973974609375,-0.0454641125798225,-0.0041909123511984,0.0482881661577615
1776556477048732000,11.82973193359375,-0.0352881710022687,-0.0179344467498362,0.0355138238511513
1776556477058724600,11.839724609375,-0.001312836164236,-0.0228759948052465,-0.0096103435840457
1776556477068716800,11.849716796875,0.0172498254865407,-0.0317068236504681,0.0154034761006478
1776556477078708700,11.859708740234376,0.0079787237942218,-0.0312328677294775,0.0209562605227343
1776556477088701700,11.86970166015625,0.0471831914573907,-0.0111575730260461,0.0316683091378305
1776556477098693600,11.879693603515625,0.050017538100481,0.0083391728707589,0.039348159583332
1776556477108685800,11.889685791015625,0.0429711267203092,0.0224504446032457,0.0376433284268248
1776556477118677500,11.899677490234374,0.0287426948815584,0.0275953697436489,0.0170321915473323
1776556477128670700,11.909670654296876,0.0200537769913673,0.023706527345255,-0.0365954907411709
1776556477138663000,11.919662841796876,0.0155570500940084,0.0404732454899698,-0.0587810921294614
1776556477148654600,11.929654541015625,0.0279722950309515,0.0196475890769623,-0.0696250782948453
1776556477158647800,11.939647705078125,0.0197381351709365,-0.0060226212903857,-0.0724900392719078
1776556477168639700,11.9496396484375,0.0436737220317125,0.0080580361081287,-0.0679040357890538
1776556477178631700,11.959631591796876,0.0568289716809988,0.0086739760493859,-0.0384764913153369
1776556477188623600,11.96962353515625,0.0197071555107831,0.0060738034883514,-0.0107163411977235
1776556477198616800,11.979616943359376,0.062343351188302,0.0273606294060125,0.0182636969705112
1776556477209233700,11.990233642578126,0.0623287381410598,0.026563323282171,0.0179017774560954
1776556477219225600,12.0002255859375,0.0498942039817571,0.0340704840418882,0.0226575114826671
1776556477229217800,12.0102177734375,0.0295294613450765,0.049549664860405,0.0275919813433196
1776556477239209700,12.020209716796876,0.0274169992357492,0.0413774643206968,0.0252987467064522
1776556477249202700,12.03020263671875,0.0347141705065965,0.0145364566083066,-0.0039787126389332
1776556477259194600,12.040194580078126,0.0437871192783117,-0.0250664357879199,-0.0356075117502827
1776556477269186800,12.050186767578126,0.0117015437096357,-0.0453898052345961,-0.0475735516150016
1776556477279179800,12.0601796875,-0.0257674784630537,-0.0461063194734975,-0.0579418374268803
1776556477289171700,12.070171630859376,-0.0400368268340826,-0.0418215365600772,-0.0511589084216393
1776556477299163600,12.08016357421875,-0.024075287592411,-0.0100630192549899,-0.0328309140432626
1776556477309156600,12.090156494140626,0.0005669862329959,0.0466333207559771,0.0042144210909493
1776556477319148800,12.100148681640626,-0.02012333509624,0.0735284150094725,0.0102846991816535
1776556477329140700,12.110140625,-0.0315238500326871,0.071826926587522,0.0064417691510636
1776556477339132700,12.120132568359375,-0.027049919489026,0.0459903649436309,-0.0042439211800694
1776556477349125600,12.130125732421876,-0.0535398670077323,0.0282548565656878,-0.0199895252492744
1776556477359117800,12.140117919921876,-0.0592208352535963,0.0192054713326506,-0.0282220868072472
1776556477369109500,12.150109619140624,-0.0261409879505634,0.013773107552994,-0.0148021948724053
1776556477379102700,12.160102783203126,0.0027408231407403,0.0022500987480394,0.016018703655852
1776556477389094700,12.1700947265625,0.0111158527761697,0.0143396736608818,0.0369412811046931
1776556477399086600,12.180086669921875,0.0401309348583221,0.0202680042639374,0.0513037511192727
1776556477409078500,12.19007861328125,0.0550683917492628,-0.0129716549769975,0.0501464982423931
1776556477419071700,12.20007177734375,0.0647568420708179,-0.0098389464418403,0.0384686824682168
1776556477429063700,12.210063720703126,0.0665028089553117,-0.0134971401558257,0.0285389707366935
1776556477439055600,12.2200556640625,0.0550771595776081,-0.0136689165261574,-0.0089487196038477
1776556477449048800,12.230048828125,0.0699941582024097,-0.0029019685192033,-0.0395147391887381
1776556477459040800,12.240040771484376,0.0632213030666112,-0.0067161930451169,-0.0380338255817536
1776556477469032700,12.25003271484375,0.0712678314000368,-0.0211669075987301,-0.0361350610220339
1776556477479025700,12.260025634765626,0.0737859517008066,0.0014967961627058,0.0129768334756139
1776556477489017600,12.270017578125,0.0677829118937253,0.0114704201011918,0.0515472775515634
1776556477499009500,12.280009521484375,0.0656792176127433,0.0184052060667425,0.0514728332090191
1776556477509001700,12.290001708984375,0.0560983193188905,0.0053030200452543,0.0232262330150231
1776556477518994700,12.29999462890625,0.0634229631185531,-0.0036994755724444,-0.004063057320984
1776556477528986600,12.309986572265624,0.0559364067554473,-0.0435596854642964,-0.0166415482619311
1776556477538978800,12.319978759765624,0.0342272637724876,-0.0567324707702733,-0.0127553636115044
1776556477548971800,12.3299716796875,0.0454284567445516,-0.0701496958239935,0.0113956834977027
1776556477558963700,12.339963623046875,0.0332780002236366,-0.0781754553640261,0.056050991312135
1776556477568955600,12.34995556640625,0.0139373399376869,-0.0935142413311637,0.0625796624285169
1776556477578947800,12.35994775390625,-0.0124374567687511,-0.0810135466004721,0.0512779042919632
1776556477588940500,12.3699404296875,-0.0307253931313753,-0.0926315402125008,0.0032043855318799
1776556477598932700,12.3799326171875,-0.0222241067677736,-0.0750391118333674,-0.0302338376216124
1776556477608924700,12.389924560546875,0.0052864159703254,-0.0592528378270566,-0.0457949702356942
1776556477618917600,12.399917724609375,0.0145458272248506,-0.0417170898049138,-0.0536925642182584
1776556477628909600,12.40990966796875,0.0197749600499868,0.0034596389345824,-0.048011258045677
1776556477638901800,12.41990185546875,0.0339846871882677,0.0276850938537158,-0.0037921496914234
1776556477648894700,12.429894775390624,0.0101876320153474,0.0286127483589574,0.0190964123344514
1776556477658886700,12.43988671875,-0.0067278469502925,0.0142158646181225,0.0249162501948885
1776556477668878800,12.44987890625,-0.0184077633500099,-0.0009580313771963,0.0409801446993369
1776556477678871600,12.45987158203125,-0.0094335987776517,-0.0120325657622888,0.0175530553499702
1776556477688863200,12.46986328125,-0.0125765729784965,-0.0115094734699465,0.0214978474529925
1776556477698855200,12.479855224609375,-0.0113742114514112,0.0052791642456315,0.0151304952450096
1776556477708847400,12.489847412109375,0.0039005145698785,0.018776213069912,0.0056687572182621
1776556477718840000,12.499840087890624,-0.019722353079915,0.0260471173883415,-2.4120661104e-05
1776556477728832300,12.509832275390623,0.0093377371877431,0.0113026440525427,-0.0260778413201682
1776556477738824200,12.51982421875,0.0427513464897871,0.0032446444770321,-0.0253126382344868
1776556477748817200,12.529817138671875,0.0809562817215919,-0.0072363261953927,-0.0025787005147431
1776556477758809000,12.53980908203125,0.0961076736241579,-0.0301030234493315,-0.0076204392753075
1776556477768801300,12.54980126953125,0.0961368997186422,-0.0294136164130642,-0.0086986629660706
1776556477778794200,12.559794189453124,0.1212935528069734,-0.0485125038323923,-0.051516973744845
1776556477788786200,12.5697861328125,0.1212976444602012,-0.0494224582841619,-0.0537435820194426
1776556477798778400,12.5797783203125,0.1170978546828031,-0.0431649505256675,-0.0908427205669693
1776556477808771000,12.58977099609375,0.0892407104641199,0.0138668502510525,-0.070678048813343
1776556477818763300,12.59976318359375,0.0767874716043472,0.0809690316053107,-0.0537775482211261
1776556477828755200,12.609755126953123,0.0575929417908191,0.1108720389705151,-0.0167597404146566
1776556477838747100,12.6197470703125,-0.014871405917406,0.1008634898491203,0.0067214446089696
1776556477848740000,12.629739990234375,-0.0433376219451427,0.119951472281944,0.0404315252400934
1776556477858732300,12.639732177734375,-0.0669973144739866,0.1230656039807945,0.0871235630465205
1776556477868724200,12.64972412109375,-0.0675835899293422,0.0611112155774608,0.0892509943961165
1776556477878717200,12.65971728515625,-0.0914911197394132,0.026158888933435,0.090471439569164
1776556477888709400,12.66970947265625,-0.0829009860485792,0.0192737325295805,0.0697260909839067
1776556477898701300,12.679701416015623,-0.0700987876206636,0.035044279243797,0.0661253813445102
1776556477908694300,12.6896943359375,-0.0430482836097478,0.0339609775191172,0.1014579486109316
1776556477918686200,12.699686279296875,0.014410802668333,0.0255941677227616,0.1216220358426682
1776556477928678400,12.709678466796875,0.0473462730646133,-0.0047425731508992,0.1225074221087619
1776556477938670000,12.719670166015623,0.0578501314222812,-0.0294780599514022,0.0863977055905386
1776556477948663300,12.729663330078123,0.070901920697093,-0.0714346576006151,0.0248740184883587
1776556477958655200,12.7396552734375,0.0348649771541357,-0.0993815441956743,-0.0753813037340063
1776556477968647200,12.749647216796877,-0.0457780008345842,-0.0789578013807535,-0.1591427699362859
1776556477978640100,12.75964013671875,-0.1243418344616889,-0.0402082744108513,-0.172900661653839
1776556477988632300,12.76963232421875,-0.248556827673316,-0.0052547969893552,-0.1456746458123903
1776556477998624000,12.7796240234375,-0.3181447431623935,0.051150140593294,-0.1447396025851368
1776556478008617200,12.7896171875,-0.3951999257922172,0.0882961961556225,-0.1037431004060432
1776556478018609400,12.799609375,-0.4517208544373512,0.1473380215805023,-0.1045387899615336
1776556478028601000,12.80960107421875,-0.4550771791279315,0.1947525375757366,-0.0946849473446607
1776556478038594300,12.81959423828125,-0.4978934075474738,0.2666879660390317,-0.0279115686865057
1776556478048586200,12.829586181640623,-0.5053688579946756,0.2842586575103923,0.0228260501497192
1776556478058578200,12.839578125,-0.3478027993232012,0.1997562824134715,-0.0062156459447229
1776556478068571100,12.849571044921875,-0.3723959733098745,0.1158038510832004,0.1256707815105095
1776556478078563300,12.859563232421875,-0.3307686624139547,-0.0414896103251259,0.2879661337262019
1776556478088555000,12.869554931640623,-0.1360211663395166,-0.1813668584377504,0.2216303519008681
1776556478098548200,12.87954833984375,0.2142015536069869,-0.2057104598438367,0.3230403331842273
1776556478108540400,12.88954052734375,0.2139852805078029,-0.1708606071935966,0.3111162327650934
1776556478118532000,12.899531982421877,0.509060698249936,-0.1978586138322949,0.4568943480851128
1776556478128524300,12.909524169921877,0.4766863688677549,-0.2205405473701655,0.4551066609507426
1776556478138517200,12.919517333984375,0.3642454000800847,-0.2796183574238792,0.4116226528048515
1776556478148509200,12.92950927734375,0.2411959435164928,-0.2979140204352326,0.2530547601470723
1776556478158501000,12.939501220703123,0.1446615689128637,-0.2512811015380546,0.1120829399970825
1776556478168494300,12.949494384765623,0.1882476126611232,-0.1003444892100058,0.055068898639339
1776556478178486000,12.959486083984377,0.1259720660120248,-0.0028773638009093,0.0288862954701762
1776556478188478200,12.969478271484377,0.0686976886510849,0.0870837333596311,-0.0812393364466726
1776556478198471400,12.979471435546875,0.0993079309701919,0.1716972041482105,-0.1272540321139618
1776556478208463000,12.989463134765623,0.0569248332709074,0.2229335069213062,-0.148012322379183
1776556478218455300,12.999455322265623,0.0134983639985322,0.2711077917752787,-0.1405706737368833
1776556478228448300,13.0094482421875,0.1307856037735938,0.3345914721051231,-0.1447535489120986
1776556478238440200,13.019440185546877,0.1240372985571622,0.2854778057754971,-0.2921309800543822
1776556478248432000,13.02943212890625,0.1333159990340471,0.2242665456233546,-0.4076900991288945
1776556478258424300,13.03942431640625,0.1481587633788585,0.1628896648470312,-0.3933423152267932
1776556478268417000,13.0494169921875,0.0761035809934139,0.1057495265913195,-0.3799417490469292
1776556478278409200,13.0594091796875,-0.0047504093974828,0.0833023699237033,-0.3499074069196358
1776556478288401200,13.069401123046877,-0.0577688828796148,0.1098637021781876,-0.3031860790866427
1776556478298394000,13.07939404296875,-0.136540806299448,0.1551439095584675,-0.1925781344124116
1776556478308386000,13.089385986328123,-0.0516442625194788,0.1591280290248803,-0.0783008079099003
1776556478318378200,13.099378173828123,0.0469902992337942,0.1392123087973333,-0.0114564418081892
1776556478328371200,13.10937109375,0.0884475142598152,0.0981586330709047,0.0537208587309811
1776556478338363100,13.119363037109377,0.124050742560625,0.0402590730163268,0.1160431762644089
1776556478348355300,13.129355224609377,0.2178413714140653,0.0033369441366754,0.1283635916579049
1776556478358348000,13.13934814453125,0.2222831532537937,-0.0558962208755314,0.0961976260630879
1776556478368340200,13.14934033203125,0.2213175230920314,-0.0790500097088515,0.0704730825594626
1776556478378332200,13.159332275390623,0.2460650108575821,-0.0888382854093797,0.0603407974605448
1776556478388325000,13.1693251953125,0.2047960118800401,-0.0805369968635961,0.038163781237509
1776556478398317000,13.179317138671877,0.1904530137509107,-0.0964053322633262,-0.0101496563588269
1776556478408309200,13.189309326171877,0.1648930405586957,-0.0959621550730895,0.0182537783646956
1776556478418301200,13.19930126953125,0.0428285033792257,-0.0653515200283378,0.0455227291655726
1776556478428294100,13.209294189453123,-0.0491384171783924,0.0102909279930405,0.0455212313282303
1776556478438286300,13.219286376953123,-0.0211029937833547,0.0805928735029883,0.0950599181368947
1776556478448278300,13.2292783203125,0.0546422752916812,0.1416768814131151,0.120643582731951
1776556478458271200,13.239271240234377,0.0746761785387992,0.1602596634033136,0.0411410069500096
1776556478468263200,13.24926318359375,0.0506558360040187,0.1263986208610236,0.0165231917124241
1776556478478255400,13.25925537109375,0.0776332747787237,0.1019739353090524,-0.0328546602450311
1776556478488248000,13.269248046875,0.0522363831937313,0.0521435446779709,-0.1092057497261092
1776556478498240300,13.279240234375,0.0952484264463186,-0.0049506629436276,-0.182633407774847
1776556478508232200,13.289232177734377,0.0990396354228258,-0.0372400950879091,-0.2562506701115519
1776556478518225200,13.29922509765625,-0.0170095869898796,-0.1230099282708019,-0.2120575090493075
1776556478528217300,13.30921728515625,-0.0406809699565172,-0.1793079714128747,-0.2237140628397464
1776556478538209300,13.319209228515623,0.0895358940184116,-0.2463038245821371,-0.1462636338146403
1776556478548202200,13.3292021484375,0.0819838712036609,-0.3024209216667339,-0.0686546897595748
1776556478558194200,13.339194091796877,0.0995996073931455,-0.3320371479798108,0.04538490986377
1776556478568186400,13.349186279296877,0.0745832395583391,-0.3235926333047449,0.1722251735450699
1776556478578178000,13.359177978515625,0.0712666623562574,-0.3293267930425703,0.2359308260625228
1776556478588171300,13.369171142578123,0.0631377164363861,-0.3311407105967402,0.297923171856068
1776556478598163200,13.3791630859375,0.0271399358600378,-0.2913245955749414,0.3454868870636448
1776556478608155100,13.389155029296877,0.0270054958254098,-0.29686991820978,0.3498043849365785
1776556478618148000,13.399148193359377,-0.0436567708969116,-0.2409635230001062,0.3208090670008212
1776556478628140300,13.409140380859377,-0.064836921569705,-0.1939394676271826,0.2650216402620077
1776556478638132000,13.419132080078125,-0.0646557197839021,-0.173514099110756,0.1868729998396709
1776556478648125200,13.429125244140623,-0.0649462271630764,-0.1743785156540572,0.1948936996120959
1776556478658117400,13.439117431640623,-0.0745265409350395,-0.1079114995313342,0.1195527370216324
1776556478668109000,13.449109130859377,-0.0499900655716657,-0.0414257878412958,0.0717159039610996
1776556478678102300,13.459102294921877,-0.0305342544734478,-0.0032558862486097,0.0163156864415854
1776556478688094200,13.46909423828125,-0.0495090040564537,0.0028694704721099,-0.0270775381483137
1776556478698086700,13.479086669921877,-0.0521446132570505,0.0129127758130547,-0.0997838413862511
1776556478708078600,13.48907861328125,0.0236532627880573,0.0055428863658686,-0.1586882311018183
1776556478718071800,13.49907177734375,0.0535468812704086,-0.0268346396203967,-0.1639066598698496
1776556478728063700,13.509063720703123,0.0575888501375913,-0.0249071878223097,-0.1587958561947569
1776556478738055700,13.5190556640625,0.1216676468163728,-0.0050946676743333,-0.1316934028008952
1776556478748049000,13.529048828125,0.1374251879185438,0.0034199873442063,-0.1093356962487101
1776556478758040600,13.53904052734375,0.2001695211231708,0.0167087522962247,-0.0759692870892584
1776556478768032800,13.54903271484375,0.2057709943920374,0.034764083196083,-0.068258274320513
1776556478778025700,13.559025634765623,0.1747398963123559,0.0088946558956289,-0.1367488960921764
1776556478788017700,13.569017578125,0.1786053395688533,0.0020455617524217,-0.1740508546022698
1776556478798009600,13.579009521484377,0.0761298844784498,0.0180416494343779,-0.1856373936301097
1776556478808002800,13.5890029296875,0.0670657035350799,0.0195443730143713,-0.2149706382833421
1776556478817994800,13.598994873046877,0.1042652611166238,0.0178714850658201,-0.2005985236575826
1776556478827986700,13.608986572265623,0.0774246004641056,0.0461168134680483,-0.1514792130384594
1776556478837980000,13.61897998046875,0.0870960996508598,0.0640506482965312,-0.1100279528291895
1776556478847971600,13.6289716796875,0.060856912022829,0.0514498678919626,-0.0927255934378132
1776556478857963800,13.6389638671875,0.0724912357151508,0.0420704150209203,-0.0888472176345065
1776556478867955700,13.648955810546877,0.0748532886713743,0.0394016935685882,-0.0762992496959865
1776556478877948700,13.65894873046875,0.0413145916849374,0.0524042140413075,-0.0349368002813309
1776556478887940600,13.668940673828123,0.0370867448568344,0.0637977055819239,-0.0129200526539236
1776556478897932800,13.678932861328123,0.0682885233283042,0.0888490807980298,0.0501358307179063
1776556478907925800,13.68892578125,0.0351151525229215,0.1088955512657761,0.1113463784839957
1776556478917917700,13.698917724609377,0.0201747730225324,0.0732591559143038,0.0835562716195359
1776556478927910000,13.708909912109377,0.0221335058748722,0.0391840276633389,0.0452976699717342
1776556478937902600,13.718902587890623,-0.044284547406435,0.0289199557111831,0.005917042024061
1776556478947894800,13.728894775390623,-0.0716202980995178,0.0098110104054328,-0.047065812155418
1776556478957886700,13.73888671875,-0.1059603745967149,-0.0010053639505291,-0.0846146946312859
1776556478967879700,13.748879638671877,-0.0659264703720808,0.0003781902292044,-0.0748585859009996
1776556478977871600,13.75887158203125,-0.0535854597151279,0.0173707393193151,-0.0562070038577541
1776556478987863800,13.76886376953125,-0.0924362916350364,0.0169477327008498,0.001616093427129
1776556478997855700,13.778855712890625,-0.0654798956483602,0.0320659118869807,0.0298022504044696
1776556479007848700,13.7888486328125,-0.0415448933094739,0.0548286144769052,0.0475746019277721
1776556479017840600,13.798840576171877,-0.0539776739031076,0.0342344469985226,0.0500742001911625
1776556479027832800,13.808832763671877,-0.0340899011284112,0.0036201221593422,0.0374193743446841
1776556479037825800,13.81882568359375,-0.0279553438961505,0.0059865407634293,0.0141597870493307
1776556479047817700,13.828817626953125,-0.0050397477328777,-0.0156041041061282,-0.0340507746944203
1776556479057810000,13.838809814453125,-0.0120253688365221,-0.0277245308149605,-0.0438902143266052
1776556479067802600,13.848802734375,0.0124146604150533,-0.017622649987461,0.0044213601062074
1776556479077794800,13.858794921875,0.0387941332966089,-0.0117509632087778,0.0630250133095309
1776556479087786800,13.868786865234377,0.0650058483958244,-0.0035922295054187,0.0753405972642824
1776556479097779700,13.87877978515625,0.0448223075449466,-0.025719506568904,0.0585062937760725
1776556479107771600,13.888771728515623,0.0101145667791366,-0.0144998326586559,0.0386139909567311
1776556479117763800,13.898763916015625,0.0267126503586769,-0.0043391617154702,0.0018438743010163
1776556479127755500,13.908755615234377,0.02370411619246,0.0085334442006889,0.0016609554821625
1776556479137748700,13.918748779296877,-0.02508417237401,0.0430407670235726,-0.0269381296776235
1776556479147741000,13.928740966796877,0.0153232413381338,0.0624051780778681,-0.0573719925165176
1776556479157732600,13.938732666015625,0.0110012864857912,0.0672739988237852,-0.0306779372604563
1776556479167725800,13.948725830078123,-0.0019932196438312,0.0742397644494892,-0.0109149964418262
1776556479177717800,13.9587177734375,0.0277928468108177,0.0798089931163005,0.0140733143422752
1776556479187709700,13.968709716796877,0.0315519070833921,0.0568848437538137,0.0126671008061617
1776556479197702700,13.97870263671875,0.0023977087914943,0.0215243062016554,0.0116288437996059
1776556479207694800,13.98869482421875,0.0004763853400945,0.0211247489574365,0.0253925076708197
1776556479217686500,13.9986865234375,0.0120136783987283,0.0132782823739107,0.0538326394092291
1776556479227679700,14.0086796875,0.0244265852481126,-0.0023861142518231,0.0713508700409904
1776556479237672000,14.018671875,0.051936523464322,-0.0177833158753113,0.075297854101099
1776556479247663600,14.02866357421875,0.047121232137084,-0.0432333761193789,0.0619150793062523
1776556479257655600,14.038655517578125,0.0117915600806474,-0.0559895799810998,0.0165896445447579
1776556479267648800,14.048648681640625,0.0152250416606664,-0.0495010719117475,-0.018138517954573
1776556479277640700,14.058640625,0.0068546882003545,-0.0355017726537538,-0.0236357636639848
1776556479287632600,14.068632568359376,-0.0398036026000976,-0.0311917594009544,-0.0124321595391258
1776556479297625900,14.0786259765625,-0.0681856474757194,-0.0048717159559018,-0.0287102904492989
1776556479307617800,14.08861767578125,-0.0597422287791967,0.0057172542687971,-0.0373494509136304
1776556479317609700,14.098609619140625,-0.0327308877348899,0.0118814166214549,-0.0470555099571123
1776556479327602700,14.108602783203125,-0.032799861317873,0.0259788242253707,-0.0064750777656212
1776556479337594600,14.1185947265625,-0.0249520704269409,0.0423535884770099,0.0318990400206297
1776556479347586600,14.128586669921877,-0.0069487962245941,0.0424143193880328,0.032896563157998
1776556479357578800,14.138578857421876,0.0128261638253927,0.052336012209882,0.0681193773064762
1776556479367571700,14.14857177734375,0.0321253230571746,0.0529483445551013,0.0808078862268477
1776556479377563600,14.158563720703125,0.0244733469992876,0.0685695870256982,0.0931527693413197
1776556479387555800,14.168555908203125,0.0287859495013952,0.0452317925281357,0.0541907686645165
1776556479397548800,14.178548828125,0.0377279653698205,0.0351326379472622,0.0286177167950198
1776556479407540700,14.188540771484377,0.0221375975281,0.0206198978579719,-0.0118455187575891
1776556479417532700,14.19853271484375,0.0028214871615171,-0.0110248797072214,-0.0142493284963071
1776556479427525600,14.208525634765625,0.0270464123576879,0.0028624470762792,-0.022702866728045
1776556479437517600,14.218517578125,0.0515536616265773,0.008183338421653,-0.0129148284895345
1776556479447509800,14.228509765625,0.0669271718472242,0.0398040318583603,0.0078099065659567
1776556479457502700,14.238502685546877,0.0414595531135797,0.0236626767870853,0.001936995944567
1776556479467494700,14.24849462890625,0.0415934086263179,-0.0181833731597405,-0.0530730897461995
1776556479477486800,14.25848681640625,0.0761217011719942,-0.0129488768896088,-0.0319680866688489
1776556479487478800,14.268478759765625,0.0513876574099063,-0.0286927821920718,0.0322286738337948
1776556479497471700,14.2784716796875,-0.0299117386609315,0.0011771859866334,0.0113610597088932
1776556479507463700,14.288463623046876,-0.011406360155344,0.0022828228407073,-0.0428045745143666
1776556479517456000,14.298455810546876,-0.0024906477719545,0.0153862532544997,-0.0142223674241453
1776556479527448600,14.308448486328125,-0.013922142368555,0.0318485861917375,0.0003547682544216
1776556479537440800,14.318440673828125,-0.0296855286896228,0.0085400269218138,-0.0078559376647695
1776556479547432700,14.3284326171875,-0.0215098210185766,0.0029773147607571,-0.0341027971426025
1776556479557425700,14.33842578125,-0.0098766663700342,-0.00779322371757,-0.0308155191002413
1776556479567417600,14.34841748046875,-0.0146826053470373,-0.0370674122519907,-0.027332024366036
1776556479577409800,14.358409912109376,-0.0208270994514226,-0.0501590289304032,-0.0559128797493875
1776556479587402800,14.36840283203125,0.004442366361618,-0.027012838881649,-0.0284443695221096
1776556479597394700,14.378394775390625,0.035686814931035,-0.0195885751989902,0.0052572994736954
1776556479607387000,14.388386962890625,0.046281858703494,-0.0286866492788074,0.0007794234072789
1776556479617378800,14.39837890625,0.0609095189929008,-0.0187248938746284,-0.0045524391399696
1776556479627371800,14.408371826171877,0.0470896679550409,-0.0014493323002767,0.0259944556193426
1776556479637363700,14.41836376953125,0.0699304453164339,0.0077238574089424,0.0285455283416435
1776556479647356000,14.42835595703125,0.0654027387589216,-0.0249181110751233,-0.0005455781187862
1776556479657348600,14.4383486328125,0.0644873774796724,-0.0381298995175049,-0.0225378488920629
1776556479667340800,14.4483408203125,0.0221370130062103,-0.0349011969616985,-0.0199060756163671
1776556479677332700,14.458332763671876,0.0306733706831932,-0.030214881759393,0.0079237787365913
1776556479687325700,14.46832568359375,0.0182557876586914,-0.0260303443500539,0.0069715195130556
1776556479697318100,14.478318115234377,0.0475654687732458,0.0026814062623248,0.0152243110083043
1776556479707310000,14.48831005859375,0.0342085590720176,0.0366388732251711,0.0232303246682509
1776556479717302000,14.498302001953125,0.0212824420034885,0.0481215043539647,0.0475314934384077
1776556479727295200,14.508295166015625,-0.0037736733198165,0.0160073328784666,0.0096590780965983
1776556479737287200,14.518287109375,-0.0223830967217683,0.0065491390864975,-0.0281998932417482
1776556479747279000,14.528279052734376,-0.0106026425570249,-0.0109498245849681,-0.0458964761151
1776556479757272000,14.53827197265625,0.0016401684224605,-0.0043320526963158,-0.0435660969387739
1776556479767264000,14.548263916015625,0.0100081837952136,-0.0046772745209687,-0.0351756870711222
1776556479777256000,14.558255859375,0.0378425316601991,-0.0158767538849147,-0.0380565032044425
1776556479787249200,14.568249267578125,0.0581909076839685,-0.0120469881549302,-0.0092655122017487
1776556479797241000,14.578240966796876,0.0755348411947488,-0.0213101474277442,0.0174098018212243
1776556479807233000,14.58823291015625,0.0663882426649332,-0.0138922769532538,0.0250424521241337
1776556479817225000,14.598224853515624,0.054400283229351,-0.0113951903073582,0.0091492288783192
1776556479827218200,14.60821826171875,0.0244675017803907,-0.023678817354422,-0.0043393078459426
1776556479837210000,14.618210205078125,0.0218050045728683,-0.0116241333751589,-0.013457374401018
1776556479847202000,14.6282021484375,0.038749125111103,-0.0203132750276359,0.0367087418572977
1776556479857195300,14.6381953125,0.0387999785155057,-0.0199983455932582,0.0354690074618905
1776556479867187000,14.64818701171875,-6.60509735345e-05,-0.0175218656272627,0.0989940061828121
1776556479877179100,14.65817919921875,-0.0177069216042757,-0.0176374456977937,0.0857401184646412
1776556479887172000,14.668172119140625,-0.041046880659461,0.0077626984318543,0.0666486471667885
1776556479897164000,14.6781640625,-0.0081394673138856,0.0158042480544187,0.0620429800022393
1776556479907156000,14.688156005859376,-0.0096679920554161,0.0117013952958746,0.0242182762596756
1776556479917148200,14.698148193359376,0.0254576818615198,-0.0113028826562047,-0.0117898065149784
1776556479927141000,14.70814111328125,0.0309556947559118,-0.0341881738711148,-0.0388332962632179
1776556479937133000,14.718133056640625,0.0285281753480434,-0.0288542403810773,-0.0526796334492042
1776556479947125000,14.728125,0.0208680159837007,-0.0246615676143439,-0.0718899088211357
1776556479957118000,14.738117919921876,0.0269873756468296,0.0042378990063036,-0.0677617960404604
1776556479967110100,14.748110107421876,-0.0017746084570884,-0.0080853830560692,-0.0050518765620887
1776556479977102000,14.75810205078125,-0.0502887562572956,0.0304015543047571,-0.0186582309797406
1776556479987095000,14.768094970703125,0.0014478607207536,0.0210455462413839,-0.0325696692911908
1776556479997087000,14.7780869140625,-0.0231231014341115,0.0185473373591259,-0.0607374138290062
1776556480007079200,14.7880791015625,-0.0374941566139459,0.0023211101661261,-0.0546418734328821
1776556480017071000,14.798071044921874,-0.01773614769876,0.0256560539778321,-0.0038025706207379
1776556480027064000,14.80806396484375,-0.0171364282399415,0.0224781819935422,0.0170625958187505
1776556480037056000,14.818055908203124,-0.0130932903289794,0.0006747095073456,0.0076635568978264
1776556480047048200,14.828048095703124,-0.004255903878808,-0.009328326613648,0.0367108607491478
1776556480057041200,14.838041259765625,0.0141419225990772,0.0177199945733358,0.066000375858508
1776556480067033000,14.848033203125,0.0298310746401548,0.0176243510374915,0.0556863409845158
1776556480077025300,14.858025390625,0.0411585243403911,0.0058467030344763,0.0569843814384192
1776556480087018000,14.86801806640625,0.0360042103171348,-0.0030057417042204,0.0354509968811646
1776556480097010200,14.87801025390625,0.0642108986258506,0.0014465957788517,0.0213099145323038
1776556480107002000,14.888002197265624,0.0641261429518461,0.0020253774809185,0.0232973620224744
1776556480116994000,14.897994140625,0.0616460165739059,0.0110665748409228,-0.0150885557994246
1776556480126987000,14.907987060546876,0.0736614485383033,-0.0417950412787962,-0.0547840218499302
1776556480136979200,14.917979248046874,-0.0421487044215202,0.0547027641741093,0.0137844143982976
1776556480146971000,14.927970947265624,0.1038297923088073,0.0048156452369759,-0.0612044833514839
1776556480156964000,14.937964111328125,-0.0353945539861917,-0.0033192554996465,-0.069125412543863
1776556480166956300,14.947956298828124,-0.068477323898673,0.0062981799788889,-0.0639870998073369
1776556480176948000,14.957947998046874,-0.0475344891130924,0.0649263625519815,-0.0049785921301692
1776556480186940000,14.96793994140625,-0.074180503976345,0.1159129374808631,0.0881893017150461
1776556480196933000,14.97793310546875,-0.0646551352620124,0.1102097665363457,0.1343857836900278
1776556480206925000,14.987925048828124,-0.0762912125200033,0.1021332449234556,0.1559203007584437
1776556480216917000,14.9979169921875,-0.059379825207591,0.0549393037431873,0.1018269280537962
1776556480226910200,15.00791015625,-0.0288724587410688,0.0024326956231961,0.043962585443072
1776556480236902000,15.01790185546875,-0.0053951370418071,-0.0180374550331616,0.0081217489941045
1776556480246894000,15.02789404296875,0.042044659525156,-0.0360516182389925,-0.008009630389139
1776556480256887000,15.037886962890624,0.0324929873257875,-0.026268916046014,0.0020584668997675
1776556480266879000,15.04787890625,0.0183253457635641,0.0197192706402624,0.0189454504232853
1776556480276871000,15.057870849609374,0.0620510902434587,0.0550435039031785,0.0214634611262008
1776556480286863000,15.067863037109374,0.0699766225457191,0.0826228814932517,0.006957089128904
1776556480296856000,15.07785595703125,0.0507493595063686,0.0894908493002876,-0.0280855461470782
1776556480306848000,15.087847900390624,0.0208434660643339,0.0704377737840637,-0.110349732129462
1776556480316840200,15.097840087890624,-0.0152367320984601,0.0389509221603628,-0.1951115801464766
1776556480326833000,15.1078330078125,-0.0932107831388711,0.0112036452240543,-0.2592186896042898
1776556480336825000,15.1178251953125,-0.1519938114970922,0.0144042496299603,-0.2537392718125134
1776556480346817000,15.127817138671874,-0.1268915189445018,0.0182969416529871,-0.1674847375523299
1776556480356810000,15.13781005859375,-0.0879863264888524,0.0170446765695698,-0.0661724444897845
1776556480366802000,15.147802001953124,-0.0399637615978717,0.0082501109143951,0.0240673600142821
1776556480376794000,15.157794189453124,0.0364455243438482,-0.0121790204616961,0.0836416483480483
1776556480386786000,15.1677861328125,0.0849748697131872,-0.0618701441859826,0.0881948912056162
1776556480396779000,15.177779052734374,0.1205804361015558,-0.1151439076034352,0.0545398743631318
1776556480406771200,15.187771240234374,0.0674240154534578,-0.1381072062327992,0.0765703582549467
1776556480416763100,15.19776318359375,0.111724929472804,-0.1562984316221438,0.0813369516022503
1776556480426756000,15.207756103515624,0.0575362431675195,-0.1304822551791556,0.1476252775566652
1776556480436748000,15.217748046875,0.0632101971507072,-0.1172705809012055,0.1529201690943911
1776556480446740200,15.227740234375,0.1027308911561965,-0.1282936225610785,0.1384619836203753
1776556480456732200,15.237732177734374,0.1024514896929264,-0.125903686084086,0.1431939075130969
1776556480466725000,15.24772509765625,0.1051613331735134,-0.1360343728809617,0.1335004522228613
1776556480476717000,15.257717041015624,0.1262473758220672,-0.1119478241090197,0.12817249866575
1776556480486709000,15.267708984375,0.1028559788405895,-0.0985923300467431,0.1051026617888361
1776556480496702000,15.277701904296874,0.0967728595346212,-0.0629970110577531,0.0701520521778613
1776556480506694100,15.287694091796874,0.0818126062899828,-0.0165861282802652,0.0272931171277537
1776556480516686000,15.29768603515625,0.0672463207989931,0.0110779867175035,-0.0104519455073401
1776556480526678000,15.307677978515626,-0.0074918170601129,0.0504887997408863,-0.0261861422665417
1776556480536671200,15.317671142578124,0.0398129549503326,-0.0010070672838483,-0.112719566533342
1776556480546663200,15.3276630859375,0.0162228205263614,-0.0512817676163278,-0.1302510950380936
1776556480556655000,15.337655029296876,0.066793316334486,-0.0605754327669041,-0.1176518353037536
1776556480566648000,15.34764794921875,0.1355254917770624,-0.0853690201299265,-0.0825038034245371
1776556480576640300,15.35764013671875,0.1638859093427658,-0.0815184821816161,-0.0218257550999522
1776556480586632000,15.3676318359375,0.2373901214927434,-0.1243779652209952,-0.0098532854944467
1776556480596625200,15.377625244140624,0.2160474737346172,-0.1254532480360008,-0.0073085694476962
1776556480606617000,15.3876171875,0.2159837608486413,-0.1303321243850514,-0.0058213265646249
1776556480616609000,15.397609130859376,0.2352332357197999,-0.0698696550399065,-0.020519129480794
1776556480626601000,15.40760107421875,0.1481172623246908,-0.0613524724208517,-0.0281834535636007
1776556480636594200,15.41759423828125,0.0836573573738336,-0.0535930858991574,-0.0397218426007777
1776556480646586000,15.427586181640624,0.0271913737863302,-0.0136831870801048,-0.050124286410585
1776556480656578000,15.437578125,-0.0170990188390016,0.0548012789454078,-0.0422364557702094
1776556480666571300,15.4475712890625,-0.0457791698783636,0.0968179864511359,-0.0385771295450627
1776556480676563000,15.45756298828125,-0.0953489642113447,0.1161964762631338,-0.0961838076002895
1776556480686555100,15.46755517578125,-0.0827805745393037,0.1579694883732125,-0.1028864105114713
1776556480696547300,15.47754736328125,0.0188601832926273,0.1626560752868652,-0.1573861355273053
1776556480706540300,15.487540283203124,-0.0222609316468238,0.1351869988040067,-0.1788852159561589
1776556480716532200,15.4975322265625,-0.0414700745075941,0.1616298375116661,-0.1735486041685566
1776556480726524400,15.5075244140625,-0.0660223319619894,0.1361397055521141,-0.1457815493861213
1776556480736517400,15.517517333984374,-0.0100444241523742,0.1415803622360806,-0.1555438686614856
1776556480746509300,15.52750927734375,0.0338192674934864,0.1491744066948071,-0.1034281892379745
1776556480756501500,15.53750146484375,0.1035550670206546,0.1429580894632265,-0.0650272565100342
1776556480766494200,15.547494140625,0.2063566853255033,0.1102915630682837,-0.0588004544170573
1776556480776486400,15.557486328125,0.2099544175565242,0.0797396450739819,-0.0789573995219543
1776556480786478300,15.567478271484376,0.2067214269846677,0.0623990360314492,-0.0921576208241283
1776556480796470500,15.577470458984376,0.1684580395638942,0.109653648757236,-0.0429603861305862
1776556480806463200,15.587463134765626,0.0904243672907352,0.1097761243594344,-0.0512966546582058
1776556480816455400,15.597455322265626,0.1253875441223383,0.0645405233058612,-0.0750821289911866
1776556480826447400,15.607447265625,0.0060106385916471,0.0822432436590548,-0.0617728578239679
1776556480836440300,15.6174404296875,-0.0413613534361124,0.0468792492079082,-0.0971243398534134
1776556480846432300,15.627432373046876,-0.0610474661588668,-0.010550501377834,-0.1103819173660129
1776556480856424400,15.637424560546876,-0.1115326217710971,-0.0361505873847287,-0.0841332312572747
1776556480866416000,15.647416015625,-0.1485311038225889,-0.0353976683918852,-0.0014872063504531
1776556480876409300,15.657409423828126,-0.2026058083593845,0.0101189506933093,0.1011441699540242
1776556480886401500,15.667401611328126,-0.1994353616297245,-0.0068136164044495,0.2111859686454757
1776556480896393200,15.677393310546876,-0.215512636205554,-0.0322162892762571,0.2913555935014039
1776556480906386400,15.687386474609376,-0.1769382831394672,-0.0768974165185354,0.2570719233665615
1776556480916378400,15.69737841796875,-0.2289776824563741,-0.130209128193045,0.219755023015663
1776556480926370300,15.707370361328126,-0.2068564515411853,-0.1853185369392856,0.1465830019621178
1776556480936362200,15.7173623046875,-0.1611246279358863,-0.1838166810089722,0.1269924951009452
1776556480946355500,15.72735546875,-0.1077811602830886,-0.1715394197706133,0.0918770503170788
1776556480956347100,15.73734716796875,-0.0483247627079486,-0.1405178384379483,0.0888217909323051
1776556480966339300,15.74733935546875,-0.0330295784205198,-0.0862934323653113,0.0963844812715426
1776556480976332500,15.75733251953125,0.0476490554034709,-0.0399278774337377,0.1101059134362265
1776556480986324200,15.76732421875,0.1378741007298231,-0.0087560557091142,0.1216466405609622
1776556480996316400,15.77731640625,0.183341135919094,0.0197085346171166,0.1228454584240913
1776556481006308400,15.787308349609376,0.1852601212829351,0.0146808335150592,0.1027920832915231
1776556481016301300,15.79730126953125,0.2036462573230266,0.0081939100480172,0.080694671643339
1776556481026293200,15.807293212890626,0.2100795052409172,-0.0010683416175656,0.0443760981474071
1776556481036285400,15.817285400390626,0.1867652651488781,-0.0068455550458282,0.0309224500734359
1776556481046278100,15.827278076171876,0.1777028377711773,-0.0191005861860699,0.0190233744977042
1776556481056270300,15.837270263671876,0.1825806729406118,-0.0271011382196098,0.027219028978236
1776556481066262300,15.84726220703125,0.1904652887105941,-0.0367518138140439,0.0538170765139162
1776556481076254500,15.85725439453125,0.21781389888525,-0.0798974568510428,0.0393180841054767
1776556481086247200,15.8672470703125,0.1899485713601112,-0.1448950488751754,-0.012004910570383
1776556481096239400,15.8772392578125,0.1604682098537683,-0.1989096207225695,-0.0794385706350207
1776556481106231300,15.887231201171875,0.1606447354644536,-0.2035830010947771,-0.0823150028541684
1776556481116224300,15.897224365234376,0.0998059436202049,-0.1919022079122252,-0.1697699989452958
1776556481126216400,15.907216552734376,0.1000531963795423,-0.1996688781246542,-0.1736100520322099
1776556481136208400,15.91720849609375,0.0412093777447938,-0.1311772791054565,-0.1621048346122726
1776556481146200300,15.927200439453124,0.0164870244204998,-0.1069854067955166,-0.1463504353152588
1776556481156193300,15.937193359375,0.0147872347652912,-0.0937826464763842,-0.124607682323642
1776556481166185500,15.947185546875,0.056748307660222,-0.0847616927533876,-0.1178149899762123
1776556481176177200,15.95717724609375,-0.0187765966624021,-0.0769214001823216,-0.1277703841382637
1776556481186170400,15.96717041015625,-0.0767851335167884,-0.0470311107347952,-0.19455964535214
1776556481196162300,15.977162353515626,-0.07659574842453,-0.0599009310388239,-0.1977527423050254
1776556481206779100,15.987779052734377,-0.1037847841233015,-0.0096472780609503,-0.139016366100125
1776556481216771300,15.997771240234377,-0.1640869848728179,0.0603519216427579,-0.0648916108990088
1776556481226763300,16.00776318359375,-0.1466162101119756,0.1003935890487395,0.0602206416795961
1776556481236756200,16.017756103515627,-0.173018479347229,0.0960768492276314,0.1877820409759879
1776556481246748200,16.027748046875,-0.2165156757682561,0.1074868261121679,0.2410580146168358
1776556481256740400,16.037740234375,-0.2738005745232105,0.0729485555951716,0.2676502534662373
1776556481266732300,16.047732177734375,-0.2191886943697929,0.0664604356848867,0.2894485177710652
1776556481276725200,16.057725341796875,-0.1077466734915971,0.0370202943077892,0.2816141160846687
1776556481286717400,16.067717529296875,-0.0503431167930364,-0.0217616997206816,0.2402827741943299
1776556481296709400,16.07770947265625,0.0155734167069196,-0.1085495508396998,0.2028254607257433
1776556481306702300,16.087702392578127,0.1081119996726512,-0.1501078881526365,0.1839616241713054
1776556481316694300,16.0976943359375,0.1717863072037696,-0.1701561304523609,0.1554012453204021
1776556481326686500,16.1076865234375,0.1279950962722301,-0.1834143472857773,0.1853400911839678
1776556481336678100,16.11767822265625,0.1362625738799572,-0.2290461445827037,0.0136038519333116
1776556481346671400,16.12767138671875,0.1878828710019588,-0.1950807466167956,-0.121480892072618
1776556481356663300,16.137663330078126,0.2031295399725437,-0.0449012225666316,-0.1186297038925811
1776556481366655200,16.1476552734375,0.0611415741831064,0.086651013631327,-0.1047305222745053
1776556481376648400,16.1576484375,0.0364618909567594,0.1273614380111918,-0.202629189234972
1776556481386640400,16.167640380859375,-0.1108995845645666,0.1561745677804574,-0.2705247677229345
1776556481396632300,16.17763232421875,-0.1695019956588745,0.192028629037179,-0.3224699859503656
1776556481406624300,16.187624267578126,-0.1659755750983953,0.2483077117504551,-0.3104074999738484
1776556481416617500,16.197617431640627,-0.2082066971063614,0.2648474527388811,-0.2473532605698332
1776556481426609200,16.207609130859375,-0.1661748970627784,0.253784170400165,-0.1632165587138384
1776556481436601300,16.217601318359375,-0.1135205807179212,0.2460574851382523,-0.0506701202576979
1776556481446594300,16.22759423828125,-0.0830307499080896,0.247446765805874,0.0695913860877975
1776556481456586200,16.237586181640626,-0.0453840330809354,0.1915623266996815,0.1646229731793515
1776556481466578200,16.247578125,-0.000137947165966,0.1237275384882465,0.2062623398392461
1776556481476570400,16.2575703125,0.0628776041954755,0.0373580132459988,0.2245035144506953
1776556481486563300,16.267563232421875,0.0814127933174371,-0.0276932771601714,0.2183371190417558
1776556481496555300,16.27755517578125,0.0747854841321706,-0.0744423012842657,0.193941349057015
1776556481506547200,16.287547119140626,0.0507984593451023,-0.1026373859201557,0.1615179746350273
1776556481516540400,16.29754052734375,0.0576350273668766,-0.1132821779853198,0.1240862522654235
1776556481526532400,16.307532470703126,0.0300491013050079,-0.073854811119358,0.0865754550439305
1776556481536524300,16.317524169921874,0.0343330622345209,-0.0252044377528131,0.0634682270323857
1776556481546516500,16.3275166015625,0.0709457598388195,-0.0063502412429777,0.0017697496188804
1776556481556509200,16.33750927734375,0.1141471881836652,0.0022056065857643,-0.0615677637059241
1776556481566501400,16.34750146484375,0.1380523799061775,0.0258991374521283,-0.0925484833052381
1776556481576493300,16.357493408203126,0.1347393098354339,0.0625622820354532,-0.1224890462018549
1776556481586486300,16.367486328125,0.1158896479368209,0.0886345064655877,-0.1766297103806398
1776556481596478200,16.377478271484375,0.1097702882736921,0.1138904186773113,-0.184619978482183
1776556481606470400,16.387470458984374,0.0625198767989873,0.1299969558802433,-0.1639665185646154
1776556481616462300,16.39746240234375,0.0284539410680532,0.1127983856569044,-0.1346733319271355
1776556481626455300,16.407455322265626,0.0241623813539743,0.0539411915173521,-0.121946007100027
1776556481636447500,16.417447509765626,-0.0075146134138107,0.0055777407668298,-0.105497396727465
1776556481646439400,16.427439453125,-0.0420253703027963,-0.0480313235861714,-0.1102231283414177
1776556481656432400,16.437432373046875,-0.0483972434222698,-0.0785809400255326,-0.1103092905212193
1776556481666424300,16.44742431640625,-0.0097264442443847,-0.085085033823084,-0.0859227998214773
1776556481676416500,16.45741650390625,0.0024509002834558,-0.0924735092397313,-0.0186686975748278
1776556481686409200,16.4674091796875,-0.0005073650002479,-0.0807210299273021,0.0570835126976482
1776556481696401000,16.47740087890625,0.0165501527845859,-0.0822870280018542,0.128239042829629
1776556481706392800,16.487392822265626,0.0238461550116538,-0.0956445952902082,0.1546428647011518
1776556481716384800,16.497384765625,-0.0015051438659429,-0.104365817147959,0.1762356147628277
1776556481726377700,16.507377685546874,-0.0074129066050052,-0.1114668995911255,0.1366158442970365
1776556481736370000,16.517369873046874,-0.0288730432629585,-0.125761053609848,0.0701208715883083
1776556481746361900,16.52736181640625,-0.0157470197081565,-0.1185356598004233,0.0104079602351412
1776556481756354800,16.537354736328126,0.0101128132134675,-0.0742466599811566,0.0124174186277203
1776556481766347000,16.547346923828126,0.0083002108335494,-0.0563597239011665,0.0262779304695315
1776556481776338700,16.557338623046874,-0.0017336919248104,-0.0297708163698785,0.0256391393756493
1776556481786332000,16.567331787109374,0.0214507843077182,-0.0055212567726615,0.0461202566673047
1776556481796323800,16.57732373046875,0.0178361009418964,0.0307502878273255,0.0699718733053654
1776556481806315800,16.587315673828126,-0.0036082536250352,0.0490414596099406,0.1325066736788488
1776556481816307700,16.5973076171875,-0.0107008422344923,0.0372059599228668,0.1021923820990137
1776556481826301000,16.607301025390626,-0.0296142170190811,0.0092279749366454,0.0368903272355906
1776556481836292900,16.61729296875,-0.025024551141262,-0.0117564705009572,0.0255778559087775
1776556481846284800,16.627284912109374,-0.004412555745244,-0.0389068729560822,0.0023908041266724
1776556481856277800,16.63727783203125,0.0012450316250324,-0.0444080093893222,-0.0069041168326511
1776556481866270000,16.64727001953125,0.0283019653767347,-0.0368735245145508,0.0079929349826648
1776556481876261600,16.65726171875,0.0801981568306684,-0.0327655457730288,0.0062458173207007
1776556481886254800,16.6672548828125,0.0833130739808082,-0.0517805748507846,-0.0084343220746144
1776556481896246800,16.677246826171874,0.079395023754239,-0.0321485509524238,-0.0232881923353299
1776556481906238700,16.68723876953125,0.0602045855939388,-0.0199326028636889,-0.0465584471551701
1776556481916231000,16.69723095703125,0.0242652572065591,-0.0183541083504562,-0.0655461110186763
1776556481926224000,16.707223876953126,-0.026167875957489,-0.0318421701506827,-0.0736764451780356
1776556481936215800,16.7172158203125,-0.0207838448315858,-0.0219219180839601,-0.0915690803464502
1776556481946207700,16.727207763671874,-0.0537000260055065,0.0154855466272216,-0.0433402888262644
1776556481956201000,16.737200927734374,-0.0565408023893833,0.0308544674377189,-0.0083261672587133
1776556481966192600,16.747192626953126,-0.0170487499564886,0.0410919619102031,0.0181689313591457
1776556481976184800,16.757184814453126,0.0110609077185392,0.0432033508738735,0.0432153655386529
1776556481986178000,16.767177978515626,0.0417021296977996,0.0378660289835068,0.0479869090557098
1776556481996169700,16.777169677734374,0.0823562116473913,0.028900086533511,0.0511867645429447
1776556482006162000,16.787161865234374,0.0956207668900489,0.0242151983866002,0.0308901187064126
1776556482016153900,16.79715380859375,0.1066407580763101,-0.0062071224282612,-0.0127967550678178
1776556482026146800,16.807146728515626,0.0609714783132076,-0.0105649180622538,-0.0421329223304986
1776556482036138800,16.817138671875,0.0136842419594526,-0.0253600575727876,-0.0518205689344555
1776556482046131000,16.827130859375,0.0105605569809675,-0.0284366657062666,-0.0937440862979739
1776556482056123600,16.83712353515625,0.013442834419012,-0.0315339878342114,-0.0996416199039667
1776556482066115800,16.84711572265625,0.0241162041246891,-0.0105978179681464,-0.0786340493191033
1776556482076107800,16.857107666015626,0.0379196885496377,-0.0043934880018816,-0.0598065992522984
1776556482086100700,16.867100830078126,0.0309060103952884,0.0396858123061712,-0.0138047630665823
1776556482096093000,16.877093017578126,0.012954174119234,0.0489092526315944,0.0043742695614695
1776556482106084900,16.8870849609375,-0.0097995094805955,0.0642098209136165,0.0108769659863784
1776556482116076800,16.897076904296874,-0.0006833060890436,0.0500509152136975,0.0164214849036186
1776556482126069800,16.90706982421875,-0.0252425778061151,0.0308383360035368,0.0181316132897511
1776556482136062000,16.91706201171875,-0.0046206455379724,0.025874770195852,0.0093659769015386
1776556482146054000,16.927053955078126,0.0076145666569471,0.0446989186272956,-0.0062169382860884
1776556482156046800,16.937046875,0.0108808749765157,0.0220141606613877,0.0088802757438272
1776556482166038800,16.947038818359374,0.0027870003700256,0.0079842927351943,-0.0273285172346979
1776556482176031000,16.957031005859374,0.0216314015716314,0.0015806659207213,-0.0220404938291758
1776556482186023700,16.967023681640626,0.025660510957241,0.001542781595746,0.015305997942388
1776556482196015900,16.977015869140626,0.0518225416958332,0.0241385004381765,0.0295654459739103
1776556482206007800,16.9870078125,0.075881462675333,0.0312661854771897,0.0356728960035368
1776556482215999700,16.996999755859374,0.0662637395024299,-0.0064064010101603,0.0087487583186477
1776556482225993000,17.006992919921874,0.0719084673911333,-0.0496107976302271,0.0019769260961562
1776556482235985000,17.01698486328125,0.0856330413609743,-0.0309550874011358,-0.0067892217487096
1776556482245976800,17.026976806640626,0.1044341879427433,-0.0279029332889011,0.0071643752040341
1776556482255969800,17.0369697265625,0.0633867227613926,-0.0260041595960268,0.0170102811096236
1776556482265962000,17.0469619140625,0.0279056595355272,0.0030517979192081,-0.0152118533855304
1776556482275953700,17.05695361328125,0.04285772947371,0.0137448495728895,-0.0408124508490785
1776556482285947000,17.06694677734375,0.027294249638915,0.0568681666136486,0.008961999210529
1776556482295938800,17.076938720703126,0.0032037644773721,0.0399639990598894,0.0375943655854091
1776556482305930800,17.0869306640625,-0.0523176317363977,-0.0252748132750159,0.0215623549234122
1776556482315922700,17.096922607421874,-0.0039987142473459,-0.0356787320892792,0.024201105929166
1776556482325916000,17.106916015625,-0.0099935707479715,-0.0342502382226986,0.05332973138839
1776556482335907800,17.116907958984374,-0.0140483990967273,-0.0508643550550099,0.0578515196617692
1776556482345899800,17.126899658203126,-0.0052419923067092,-0.0617922155449865,0.0372701385997235
1776556482355893000,17.13689306640625,0.0035538930892944,-0.0618663310939678,0.0227227770049124
1776556482365884700,17.146884765625,0.0265618437111377,-0.0446361875554313,0.0241787479668855
1776556482375876900,17.156876953125,0.0284668005496263,-0.0190533586440142,0.0203832281414419
1776556482385869800,17.166869873046874,0.0237894563883543,-0.0015604588163318,0.034221528151445
1776556482395861800,17.17686181640625,0.0183756146460771,-0.0020497721366584,0.0147276135325431
1776556482405853700,17.186853759765626,-0.0131955816596746,-0.0051198089654557,-0.0121452323565259
1776556482415846000,17.196845947265626,-0.046535541203618,-0.0349735749280313,-0.0505143817067146
1776556482425838600,17.206838623046874,-0.0276408711194992,-0.0358727750903461,-0.0507119866380467
1776556482435830800,17.216830810546874,-0.0322393048256635,-0.0434162401393055,-0.0128157154966145
1776556482445822700,17.22682275390625,-0.0422381362706422,-0.0337779034366365,0.0494828467018902
1776556482455815700,17.236815673828126,0.017765958315134,-0.0005654655627673,0.0782108189383521
1776556482465808000,17.246807861328126,0.0391430928647518,0.0128324383025523,0.0569237738249823
1776556482475799800,17.2567998046875,0.0429997682929038,0.0024873552697477,0.0349593409067019
1776556482485792800,17.266792724609374,0.0209819977521896,-0.0095684863368514,0.0036790173063054
1776556482495784700,17.27678466796875,-0.0035614918738603,-0.0061129116560332,-0.00983085446693
1776556482505777000,17.28677685546875,0.0215963302582502,-0.0211201230146689,-0.0435716864293441
1776556482515768800,17.296768798828126,0.044081133788824,-0.0089272840901743,-0.0084221201801672
1776556482525761800,17.30676171875,0.0649205081999301,0.0156640678321709,0.0170486768912523
1776556482535753700,17.316753662109374,0.0691495240718126,0.0168801062581595,0.0532712061341851
1776556482545746000,17.326745849609374,0.0979138462632894,-0.0132505678165005,0.0388816654495894
1776556482555739000,17.33673876953125,0.1036269632130861,0.0015886528643546,0.0253925076708197
1776556482565730800,17.346730712890626,0.0889858589202165,0.0206263435817789,0.0304878215158358
1776556482575723000,17.356722900390626,0.0758545746684074,-0.0130186541901901,0.0027366218896582
1776556482585715700,17.3667158203125,0.0426923097789287,-0.0353143374899867,-0.036206674086675
1776556482595708000,17.3767080078125,0.0188210203260183,-0.0098727162807015,-0.0622975027525797
1776556482605699800,17.386699951171874,0.0073655603319406,0.0035417870929697,-0.0237466036273166
1776556482615691800,17.39669189453125,-0.0005167173504829,0.0168976601811591,0.0274704464560374
1776556482625684700,17.406684814453126,0.020447744745016,0.0247448117512743,0.0444241750728338
1776556482635677000,17.416677001953126,0.0146031103700399,0.0125379717008909,0.0395617932008579
1776556482645668900,17.4266689453125,-0.0494634113490581,0.0254255970896687,0.0016389263134449
1776556482655661800,17.436661865234374,-0.0660907210230827,0.0092610460891854,-0.0192275553002953
1776556482665653800,17.44665380859375,-0.0656476534307003,-0.0122049175213556,-0.0728383321197703
1776556482675646000,17.45664599609375,-0.0704249508351087,-0.0154038231605198,-0.0919789397889748
1776556482685637600,17.4666376953125,-0.0503524691432714,-0.0158733449349878,-0.0792530214676633
1776556482695630800,17.476630859375,-0.054206221961975,-0.0098987640374107,-0.0437592083580791
1776556482705622800,17.486622802734374,-0.0601549012333154,0.0201259791444754,-0.0453015789618715
1776556482715614700,17.49661474609375,-0.0316980375558137,0.0261818588170688,-0.0499132740084081
1776556482725607700,17.506607666015626,-0.0008551555246114,0.0515412405364215,-0.0319299100829288
1776556482735599900,17.516599853515626,-0.0152080905258655,0.0598006444355472,-0.0079417527846992
1776556482745591600,17.526591552734374,-0.0147498253643512,0.057147554377187,-0.0129945791948586
1776556482755584800,17.536584716796874,-0.0135404495745897,0.0445132050631567,-0.0150113258447498
1776556482765577000,17.546576904296874,0.0289648131996393,0.0305017107605817,0.0162576361114159
1776556482775568600,17.556568603515625,0.0547083262652158,0.0319636776385013,0.0393328798158094
1776556482785560800,17.566560791015625,0.0577086771249771,0.0141573256641859,0.0375903104647994
1776556482795553800,17.5765537109375,0.052628597381711,0.0092265821305802,0.0367049059323966
1776556482805545700,17.586545654296874,0.0828542242974042,0.0430612983549479,0.0398014837082475
1776556482815537700,17.59653759765625,0.0928705913990736,0.0563284382803365,0.0447561469735577
1776556482825531000,17.60653076171875,0.0783434688746929,0.0469428890286479,0.0245148480534553
1776556482835522600,17.6165224609375,0.0579839869350194,0.0337826366939698,0.0113111926851794
1776556482845514800,17.6265146484375,0.0708481446832418,0.0037953143294667,0.0012345467636361
1776556482855506700,17.636506591796874,0.0650105245709419,0.0095502645519271,-0.0246392781507223
1776556482865499600,17.646499755859374,0.0548456889092922,0.0219497376726474,-0.0184658502127975
1776556482875491800,17.656491943359374,0.0629372254282236,0.0300475372522952,-0.0205801389530301
1776556482885483800,17.66648388671875,0.058607671791315,-0.005305712042551,-0.021779943196848
1776556482895476700,17.676476806640625,0.0628051234811544,-0.0053543049912084,-0.0131230644127354
1776556482905468700,17.68646875,0.0469417839169502,-0.0031417914573336,-0.0170241635045036
1776556482915460900,17.6964609375,0.000393383231759,-0.0078847459174343,-0.0200378853024914
1776556482925453600,17.70645361328125,-0.0114385088592767,-0.0048907266170484,-0.0366465633412823
1776556482935445800,17.71644580078125,-0.0220721310764551,-0.0222000500387512,-0.0377394366119056
1776556482945437700,17.726437744140625,-0.0255289935320615,-0.0194768379032262,-0.0200679881798103
1776556482955430000,17.736429931640625,-0.0161181911081075,-0.0240731298846541,0.0007731763295829
1776556482965422600,17.746422607421874,-0.0224257668197155,-0.0411898373606847,-0.0043686800708994
1776556482975414800,17.756414794921874,0.0149415485441684,-0.0458288542389869,0.0247710878368467
1776556482985406700,17.76640673828125,0.0093394907534122,-0.0566548298236448,0.0454678754394873
1776556482995399700,17.776399658203125,0.0161474172025918,-0.0766099093806231,0.0114728129876777
1776556483005392000,17.786391845703125,0.0091974519342184,-0.0832483199152164,-0.0294002089422196
1776556483015383800,17.7963837890625,0.0537304211437702,-0.0659477962878998,-0.029702918215841
1776556483025375700,17.806375732421873,0.0451619147628545,-0.0388508090870222,-0.0438319813333451
1776556483035368700,17.81636865234375,0.0485842904269695,-0.0197988341159187,-0.0395746892150491
1776556483045361000,17.82636083984375,0.0596440291017293,-0.0143080820793751,-0.0146684306912124
1776556483055352600,17.8363525390625,0.0551437950730323,-0.0288326701533747,0.0121992640987038
1776556483065345800,17.846345703125,0.02849719568789,-0.019947371174558,0.0343523879894986
1776556483075337700,17.856337646484373,0.0407394221454858,-0.0186452710334677,0.0362773281700909
1776556483085329700,17.86632958984375,0.0332195480346679,-0.0156837041144026,0.0567263880893588
1776556483095321600,17.876321533203125,0.0388730437517166,-0.0433513856090139,0.0420919692656025
1776556483105314800,17.886314697265625,0.0312245748251676,-0.0686542787676211,0.0266525907345116
1776556483115306800,17.896306640625,0.0253840321034193,-0.0393838976169936,0.0452932129923254
1776556483125298700,17.906298583984373,0.0366121130824089,-0.0308998592157149,0.0414650330062955
1776556483135292000,17.9162919921875,0.0421504579871892,-0.0310524102957686,0.0493187056487426
1776556483145283600,17.92628369140625,0.022978724527359,-0.0162984704453032,0.0827506543250754
1776556483155275800,17.93627587890625,0.025033903491497,-0.0079998807466821,0.078041636383906
1776556483165267700,17.946267822265625,0.0580494533866643,-0.0374762464979197,0.0758258965631946
1776556483175260700,17.9562607421875,-0.0070960957407951,-0.0429071261399658,0.0538548877736553
1776556483185252600,17.966252685546873,-0.0095469960242509,-0.0370863384314579,-0.0160703333783894
1776556483195244800,17.976244873046873,0.0273567934811115,-0.0095631297417217,-0.0225590743431821
1776556483205237500,17.986237548828125,0.0273076936423778,0.0259393278986215,-0.0180939481604844
1776556483215229700,17.996229736328125,0.0060135612010955,0.0486992585761472,-0.0490505196992307
1776556483225221600,18.0062216796875,-0.0104892453104257,0.0775558073620311,-0.0121552057612687
1776556483235214600,18.016214599609373,-0.0238467395335435,0.0555324199312832,-0.0134376833198592
1776556483245206800,18.026206787109373,-0.0651736061781644,0.0559453663800377,-0.0225930496780201
1776556483255198700,18.03619873046875,-0.0560778610527515,0.040200045438623,-0.0293166953772306
1776556483265191000,18.04619091796875,-0.0543131894677877,0.0373209098057355,-0.0172696261655539
1776556483275183600,18.05618359375,-0.120617260980606,0.045529104107432,0.0239114753328263
1776556483285175800,18.06617578125,0.0042851299732923,0.0329476448912639,0.0023841551901772
1776556483295167700,18.076167724609373,0.034621816048026,0.0186215750640491,0.0141503616338595
1776556483305160700,18.08616064453125,-0.0249473942518234,0.0268260476052761,0.0380035674408078
1776556483315152600,18.096152587890625,0.0866448487520217,-0.0143164891481166,-0.0092961996009573
1776556483325144800,18.106144775390625,0.1156166762143373,-0.0118506652901647,-0.0088184990866109
1776556483335136800,18.11613671875,0.0874082343399524,-0.0065260499010328,0.0067996700774878
1776556483345129700,18.12612963867188,0.0668260495603084,0.0018771463829558,0.0019752455957233
1776556483355122000,18.13612182617188,0.0414712435513734,0.0166606730875093,-0.0309861264267936
1776556483365113900,18.14611376953125,0.014343582651019,0.0202745436025783,-0.0858052561227232
1776556483375106800,18.15610693359375,0.0174561617136001,0.0001310607674531,-0.100005959704332
1776556483385098800,18.1660986328125,0.0464402641355991,0.0261378735448699,-0.0710700438056141
1776556483395091000,18.176091064453125,0.6031389118731022,-0.0116003026917111,-0.0979417571835219
1776556483405082600,18.18608251953125,0.5163946943998337,-0.0765138879605103,-0.346774113862589
1776556483415075800,18.196075927734373,-0.1216962883889675,-0.3885383855437859,-0.1506115268258377
1776556483425067800,18.20606787109375,0.5375257452338934,-0.2985545650947839,-0.1095588009474799
1776556483435059700,18.216059814453125,-0.0152186119198799,-0.1582710834019817,0.0678243033500388
1776556483445052700,18.226052734375,0.0536988569617271,-0.1128496774527244,0.0775996647700667
1776556483455044900,18.236044921875,-0.0800374133110046,0.0477961722565814,0.1215163652447983
1776556483465036500,18.24603662109375,-0.1997282070964574,0.1313773043227382,0.1332448700265958
1776556483475028700,18.25602880859375,-0.2332242339849471,0.1809760507555678,0.0816779835922643
1776556483485022000,18.26602197265625,-0.3750017718940973,0.2517683187994174,0.0597781403427943
1776556483495013600,18.276013671875,-0.3999719624996185,0.3153308913180604,0.0607166633019223
1776556483505005800,18.286005859375,-0.4549205272614955,0.3505393116150051,0.0346040611956268
1776556483514998800,18.29599877929688,-0.4379460115849971,0.3547216388009488,0.0339064343202859
1776556483524990700,18.30599072265625,-0.4448071295261382,0.3511855005640536,-0.0047910702014341
1776556483534982700,18.315982666015625,-0.2661076819330453,0.2397254325725138,-0.0623471140479668
1776556483544974800,18.325974853515625,0.0192477213054895,0.0755682137413881,0.0233376209676265
1776556483554967600,18.33596752929688,0.0850362445116043,-0.0345023543868213,0.0521411791909486
1776556483564959700,18.34595971679688,0.2300730764776468,-0.1364435930026695,0.0548754629930481
1776556483574951700,18.35595166015625,0.3152022599697113,-0.2170925075418315,0.0513950369987636
1776556483584944600,18.365944580078125,0.3924877442240714,-0.2968763479505665,0.0561636761726811
1776556483594936800,18.375936767578125,0.4097171114444732,-0.3238459870113059,0.0524657715028151
1776556483604928800,18.3859287109375,0.3509089486449956,-0.322368936728686,-0.0233197199847549
1776556483614921000,18.3959208984375,0.2973357638895511,-0.2934281985243782,-0.0868965219581499
1776556483624913700,18.40591357421875,0.2167144132107496,-0.2282151553849689,-0.1337852605136111
1776556483634905900,18.41590576171875,0.1396849495440721,-0.1361022504854016,-0.1049368037026375
1776556483644897800,18.425897705078125,0.0991483564943075,-0.0384809026289731,-0.0354406581502407
1776556483654890800,18.435890869140625,0.0220621942043304,0.0384878620927222,0.0168425233272835
1776556483664882700,18.445882568359377,0.0121305827766656,0.1090657384672202,0.0485955059407278
1776556483674875000,18.455875,0.0202846631377935,0.1453809509622864,0.0213875828783959
1776556483684866600,18.465866455078125,0.0185281748592853,0.1237731129293329,-0.0003146189071238
1776556483694859800,18.47585986328125,-0.0611474194020032,0.0647096784608438,-0.0051627530580386
1776556483704852500,18.4858525390625,-0.0914133783280849,0.0258097467022016,-0.1143728501657024
1776556483714844400,18.49584448242188,-0.0580260725110769,-0.0103373426843434,-0.1095833508668467
1776556483724837600,18.505837646484373,-0.0464396796137094,-0.0156767309509217,-0.1158740119762718
1776556483734829600,18.51582958984375,-0.0361667074024677,0.0041865467033348,-0.0920561697436496
1776556483744821500,18.525821533203125,-0.0174888949394226,0.0392271361527033,-0.0293457388086244
1776556483754813700,18.535813720703125,0.0408288539946079,0.0197151744204573,0.0497465756719931
1776556483764806400,18.545806396484377,0.0594745177537202,0.015209314368572,0.1185073926871642
1776556483774798600,18.555798583984377,0.0116705640494823,-0.0408309363538399,0.141652413692139
1776556483784790500,18.56579052734375,0.0090647654652595,-0.108219021977391,0.0993505280029028
1776556483794783500,18.575783447265625,-0.0069973115414381,-0.1342136967924423,0.0785167796149849
1776556483804775400,18.585775390625,0.010458850172162,-0.1340333352568559,0.067670172234252
1776556483814767600,18.595767578125,0.0178840317368507,-0.0919322145704179,0.0833266641147434
1776556483824759600,18.605759521484377,-0.0070259531140327,-0.0426513932466506,0.0977753876406699
1776556483834752500,18.61575244140625,-0.0205816002577543,0.027120975431241,0.1225272593203932
1776556483844744700,18.62574462890625,-0.0001946457892656,0.0689530333853326,0.0973915028896182
1776556483854736600,18.635736572265625,-0.025895488756895,0.0463483298021368,0.0624963497929275
1776556483864728600,18.645728515625,-0.0484387444764375,0.0314591690323315,0.0291105418132618
1776556483874721500,18.65572143554688,-0.0718465080708265,0.0291028699634596,-0.0042757410904392
1776556483884713700,18.66571362304688,-0.0989484500080347,0.0263275965638458,-0.0400534126427024
1776556483894705400,18.675705322265625,-0.0607803396552801,0.0568958629047498,-0.0341320232370868
1776556483904698600,18.68569873046875,-0.0215501530289649,0.0846268234604969,-0.0059937239894643
1776556483914690600,18.695690673828125,-0.0168780695647001,0.0755822240004315,-0.0013835633128881
1776556483924682500,18.7056826171875,0.0169634097605943,0.0572263917670585,-0.0148778721908107
1776556483934674400,18.71567431640625,0.0614057780772447,0.0300781082037836,-0.0414026718271896
1776556483944667600,18.725667724609377,0.0693324794232845,0.014090210678149,-0.0441398051735013
1776556483954659600,18.73565966796875,0.0377530998110771,-0.0214200421095825,0.0009414455685764
1776556483964651500,18.745651611328125,0.0405798476696014,0.0213617360510863,-0.0252775029890239
1776556483974644700,18.755644775390625,0.0411900885224342,0.0041504342103376,-0.0295085281549021
1776556483984636700,18.76563671875,-0.0166939451694488,-0.0158170892696827,-0.0333968773629516
1776556483994628600,18.775628662109376,-0.011426818421483,-0.0064605195173062,-0.0416474038358777
1776556484004620500,18.78562060546875,0.0258557412683963,0.0490459896545857,-0.0258508824301883
1776556484014613500,18.795613525390625,0.0449649308860301,0.0475367176027968,-0.0226667725013569
1776556484024605400,18.80560546875,-0.0198357503265142,0.0587486694308929,0.0022971710264682
1776556484034597600,18.81559765625,-0.0262619839817285,0.0790750528185628,-0.0426920175179839
1776556484044590600,18.82559057617188,0.0295645326584577,0.0264466015673242,-0.1193111468181014
1776556484054582500,18.83558251953125,-0.0519587352961301,0.0251834132310934,-0.0837106219310313
1776556484064574500,18.845574462890625,-0.0122615156799554,0.0396705325386486,-0.0482036205463111
1776556484074566700,18.855566650390625,0.0217646725624799,0.0571990288360975,-0.0390378789246082
1776556484084559600,18.8655595703125,0.0303606514722108,0.0350748935777694,-0.0231759641325101
1776556484094551600,18.87555151367188,0.0576560701549053,0.0384040562667883,-0.0129048916174098
1776556484104543700,18.88554370117188,0.0743207892298698,0.0426468266693875,-0.0002410422142595
1776556484114536400,18.895536376953125,0.0827303056567907,0.0308721263919956,0.0288732624586671
1776556484124528600,18.905528564453125,0.0845282949894666,0.0175156550821848,0.0388538641272112
1776556484134520600,18.9155205078125,0.0753881262004375,0.0019089754264801,0.0510484885834157
1776556484144512800,18.9255126953125,0.063253451770544,-0.0234866375168785,0.0295221913540735
1776556484154505500,18.93550537109375,0.0556190113693475,-0.0456543927212245,-0.0023013357449322
1776556484164497700,18.94549755859375,0.0602653758704662,-0.034168482789956,-0.0178578743822872
1776556484174489600,18.955489501953124,0.0439724127173423,-0.0269572910358197,-0.0064215209474787
1776556484184481500,18.9654814453125,-0.0002846621602773,-0.0108946477735415,0.0134894500397145
1776556484194474500,18.975474609375,0.022637363743782,0.0003536905421875,-0.0060675564106553
1776556484204466700,18.985466796875,0.0373053560435771,0.0087250669158063,-0.0058685997724533
1776556484214458400,18.995458251953124,0.0042225861310958,0.0202944538794457,0.004083323790878
1776556484224451600,19.00545166015625,-0.0200274735063314,0.0243701606194488,0.0063290203584358
1776556484234443800,19.01544384765625,-0.0088104984432458,-0.0094227120574563,0.0018237082958221
1776556484244435500,19.025435546875,-0.0167541509240865,-0.0198273295580409,0.0017017624165862
1776556484254427600,19.035427734375,-0.0038970074385404,-0.0267304782763123,0.01666731289085
1776556484264420600,19.04542065429688,-0.0206447286218404,-0.044216286209505,0.0218330981561914
1776556484274412500,19.05541259765625,-0.0376654215276241,-0.0595768273507244,0.0099283965572714
1776556484284404500,19.065404541015624,-0.0115817167222499,-0.0697309041563421,-0.0049609468756243
1776556484294397700,19.075397705078124,0.0245288765788078,-0.0638224838301539,0.0113736269295215
1776556484304389400,19.08538940429688,0.0106605102241039,-0.0186991292457096,0.046093679187633
1776556484314381600,19.09538159179688,0.0356973363250494,-0.0018983627009205,0.0646634281663224
1776556484324373500,19.10537353515625,0.0399304438501596,-0.0071295048200525,0.059453657628782
1776556484334366500,19.115366455078124,0.0307020122557878,-0.0162876841898076,0.0390266268782317
1776556484344358700,19.125358642578124,0.0451297660589218,-0.0341910964805632,0.0245959139330312
1776556484354350600,19.1353505859375,0.0396668244779109,-0.0452538125636987,-0.0004787234276533
1776556484364343600,19.145343505859376,0.0319680866688489,-0.0308866298413835,0.0025812486648559
1776556484374335500,19.15533544921875,0.044920507222414,-0.0045010560126043,0.025259528940916
1776556484384327700,19.16532763671875,0.0237444482028484,0.0081055285116657,0.0391527740085497
1776556484394319600,19.175319580078124,0.012443301987648,0.0087615264686755,0.0097267730379477
1776556484404312600,19.1853125,0.0071235682696104,-0.0001981711869128,-0.0162820033676922
1776556484414304500,19.195304443359376,-0.0026905542582273,-0.0029573702345602,-0.0269436826355755
1776556484424296700,19.205296630859376,0.0047030631244182,-0.0027765337749384,-0.0085519571049138
1776556484434288400,19.215288330078124,-0.0016705635607242,0.0177883345437236,6.26534400507e-05
1776556484444281600,19.225281494140624,0.0006365443378686,0.0220274699508212,0.0085579849869012
1776556484454273500,19.2352734375,0.0022013094365596,0.0027038703975267,-0.0039662732824683
1776556484464265500,19.245265380859376,0.0016682254731655,0.0211794930856674,-0.0196929808549582
1776556484474258700,19.2552587890625,0.0224988320559263,0.0524036295194178,0.0261418647333979
1776556484484250600,19.26525073242188,0.0042500586599111,0.0567806755598634,0.051834268666245
1776556484494242600,19.27524267578125,-0.018187398597598,0.052806766960211,0.0227301931263878
1776556484504234500,19.285234375,0.0084855042725801,0.036674876120314,-0.0072844944523647
1776556484514227700,19.295227783203124,-0.0005786766707897,0.0172433957457542,-0.0263782307725399
1776556484524219400,19.30521948242188,-0.0206985046356916,0.0146734539262019,-0.0015795608090236
1776556484534211600,19.31521166992188,0.0247229378461837,0.0139071274625137,0.0069257076099514
1776556484544203500,19.32520361328125,0.0396054496794939,0.0114020493064075,0.000546199173294
1776556484554196500,19.335196533203124,0.0410340211778879,-0.0009928834948688,-0.0294520487273111
1776556484564188400,19.3451884765625,0.0701361970216035,-0.0194649990516714,-0.0379127473521977
1776556484574180600,19.3551806640625,0.0921674115657806,-0.0161457001695409,-0.0247999486051499
1776556484584173600,19.365173583984376,0.1026519807010889,-0.0060669353561475,-0.0121461091393604
1776556484594165500,19.37516552734375,0.0888899973303079,-0.0155796089856885,-0.0364487392142415
1776556484604157700,19.38515771484375,0.0482119499832391,-0.0217977711144834,-0.0730211048081517
1776556484614149600,19.395149658203124,0.0147369658827781,-0.013162446575053,-0.0813244209142401
1776556484624142600,19.405142578125,-0.0016705635607242,0.0291897445293143,-0.0539511512223631
1776556484634134500,19.415134521484376,-0.0077560209542512,0.0712809466099366,-0.0207643364135175
1776556484644126700,19.425126708984376,-0.0268605343967676,0.0944304976595565,-0.0084568261673673
1776556484654119400,19.435119384765624,-0.0495411527603864,0.0610250168650411,-0.0392989044809713
1776556484664111600,19.445111572265624,-0.0550017562538385,0.0629317090028896,-0.0466107253316789
1776556484674103600,19.455103515625,-0.0628594840168952,0.0700261973084881,-0.0107326621448621
1776556484684095700,19.465095703125,-0.0641366643458604,0.0510410541956312,0.0167024207368493
1776556484694088400,19.47508837890625,-0.0740881495177745,0.0278354438435286,0.0195364385863766
1776556484704079400,19.485079345703124,-0.0611351444423198,-0.0297884410748258,-0.0024517040010541
1776556484714071600,19.495071533203124,-0.0306704480737447,-0.0421173594351857,0.0080529946068301
1776556484724063500,19.5050634765625,0.0172971717596054,-0.0440021685347892,-0.0031533859970048
1776556484734056400,19.515056396484376,0.056563598743081,-0.0144925626676529,0.0085143650408834
1776556484744048400,19.52504833984375,0.0899643485635519,0.0062720112078823,0.0401625721056014
1776556484754040600,19.53504052734375,0.0434486811041831,0.0031711773820221,0.0607300342401489
1776556484764033500,19.545033447265624,0.0904413184255361,0.0037559915326535,0.0516787493109703
1776556484774025500,19.555025390625,0.1287391926378011,0.0009289514131844,0.0287698751494288
1776556484784017700,19.565017578125,0.0947714565843343,-0.0434650111844763,0.0146639371791854
1776556484794009300,19.57500927734375,0.0792296040594577,-0.0552666177351027,-0.0239784030891954
1776556484804002600,19.58500244140625,0.0951367827653884,-0.0701667200240306,-0.062707946716994
1776556484813994500,19.594994384765624,0.0916074395954608,-0.0710108061653561,-0.0794435025384649
1776556484823986400,19.604986328125,0.0639782589137554,-0.0451733860049396,-0.0521866623004898
1776556484833979400,19.6149794921875,0.0580155511170625,0.0183664449589326,0.0320574089201167
1776556484843971600,19.6249716796875,0.0389993004798889,0.043420569254551,0.0819668470036238
1776556484853963300,19.63496337890625,0.0126309335142374,0.0380489226861856,0.0506307746279984
1776556484863955500,19.64495556640625,-0.046947629135847,0.0061934295463375,-0.015375994438678
1776556484873948400,19.654948486328124,-0.0598176321029663,-0.0253007377341389,-0.0628098727215081
1776556484883940400,19.6649404296875,-0.0488730442404747,-0.0343847741554491,-0.0841113482190296
1776556484893932300,19.674932373046875,-0.0111374800860881,-0.0293949482452124,-0.0501254554543644
1776556484903924500,19.684924560546875,-0.0220247848033905,-0.0400187066555023,0.0042174715645611
1776556484913917400,19.69491748046875,0.0030073651224374,-0.0491729770351201,0.0097260058529675
1776556484923909400,19.704909423828123,0.0042500586599111,-0.0544371629073284,0.0174004494709894
1776556484933901600,19.714901611328123,0.0379570979505777,-0.0615342998277395,0.0447570968216285
1776556484943894300,19.72489428710937,0.0411164387643337,-0.0450074365871958,0.0832019052239134
1776556484953886500,19.73488647460937,0.0613046557903289,-0.0259837698285467,0.1062336385801434
1776556484963878400,19.74487841796875,0.0615741203814744,-0.0302916778892278,0.0891086085170507
1776556484973870600,19.75487060546875,0.0328261648029089,-0.0589962692501023,0.0273408652596175
1776556484983863300,19.76486328125,0.0205623110353946,-0.0748634447392076,-0.0177625973142683
1776556484993855500,19.77485546875,0.0277612826287746,-0.0950953365101479,-0.0422792354660108
1776556485003847400,19.78484741210937,0.0322808058798313,-0.0515502640930935,-0.0280388939937576
1776556485013839400,19.79483935546875,0.0148152918159961,-0.0010003909478895,-0.023191892354004
1776556485023832600,19.80483251953125,0.026089550024271,0.0303980974057689,-0.0161609342712908
1776556485033824500,19.814824462890623,0.0417050523072481,0.0468919716921635,-0.0017552096368744
1776556485043816400,19.82481640625,0.0136222826391458,0.0689523575318977,0.0045347938854247
1776556485053809400,19.834809326171875,0.026384149056673,0.0808088543412275,0.0134270157953724
1776556485063801600,19.844801513671875,-0.0061982701182365,0.0220001618187874,0.0118550903035327
1776556485073793500,19.85479345703125,0.0274842192530632,0.0034417105522472,-0.0138076856760308
1776556485083785500,19.864785400390623,0.0189881935864686,-0.0120337530723772,-0.0173699082022532
1776556485093778400,19.8747783203125,0.007202478724718,-0.0445933028283528,-0.0340464638454839
1776556485103770400,19.884770263671875,0.0261094237685203,-0.0612344583646394,-0.0464473879961296
1776556485113762300,19.89476220703125,0.0424824664205312,-0.0342497404657769,-0.0392696053212508
1776556485123755500,19.90475561523437,0.0598988806456327,-0.0177035971360281,-0.0150963007144629
1776556485133747500,19.91474755859375,0.057561377608776,0.0133900630521588,0.0065412383370101
1776556485143739400,19.924739501953123,0.0182674780964851,0.0312853742348495,0.0171034392857924
1776556485153731300,19.9347314453125,0.0207113641172647,0.0244683876963797,-0.0149745374983176
1776556485163724500,19.944724609375,0.0056400517135858,0.0157441884302534,0.0143850471725687
1776556485173716500,19.95471655273437,0.00417757794559,0.012070760614518,0.0085704426096752
1776556485183708400,19.96470849609375,-0.0080646485120058,0.0055692514996975,0.0132779627135023
1776556485193700600,19.97470068359375,-0.0686292995899915,0.022782060310943,0.0164485190410166
1776556485203693300,19.984693359375,-0.0694803634613752,0.0508795708904508,-0.0186451888350769
1776556485213685500,19.994685546875,-0.0036018238842487,0.0487689993441104,0.0149829034678637
1776556485223677400,20.00467749023437,-0.0076280106604099,0.0555454529427923,0.0547034674270078
1776556485233670400,20.01467041015625,0.0305184723824262,0.0280747050926554,0.0496913748860359
1776556485243662300,20.024662353515627,0.0303489610344171,0.0063599908854346,0.015808869430609
1776556485253654500,20.034654541015627,0.0333212548434734,-0.0299946859703399,-0.0063022784819826
1776556485263646500,20.044646484375,0.0475227986752986,-0.0638920967339538,-0.0099323786126449
1776556485273639400,20.054639404296875,0.0496095418214797,-0.0631269941129721,-0.0374628116276115
1776556485283631600,20.064631591796875,0.0391349095582962,-0.036899980979925,-0.0303974763512611
1776556485293623600,20.07462353515625,0.0529079988449811,0.0019774649522732,-0.0162306750392541
1776556485303615200,20.084615234375,0.0466255575746297,0.0191738432185258,-0.0215294390344992
1776556485313608400,20.0946083984375,0.0315168357700109,0.0375566913229879,0.0053059609210118
1776556485323600600,20.1046005859375,0.0210498022913932,0.0293954688350204,-0.013895108231157
1776556485333592300,20.11459228515625,0.0077437459945678,0.0326792032134253,-0.0472129655411466
1776556485343585500,20.12458544921875,-0.0124368722468614,0.0149506634323857,-0.0183090156832709
1776556485353577500,20.134577392578127,-0.0040407998234033,0.0008474471421912,-0.0071492872327566
1776556485363569400,20.1445693359375,-0.0067220017313957,-0.0052200818690005,-0.014386545009911
1776556485373561300,20.154561279296875,-0.0113479079663753,0.0063055938170757,-0.0055611412584781
1776556485383554600,20.16455444335937,0.0115519061058759,0.0060653279209509,-0.0140980103921145
1776556485393546200,20.174546142578127,0.044472763454914,0.0162942235284484,0.0209556212019175
1776556485403538400,20.184538330078126,0.0414671518981456,0.0218904726329259,0.0188160518899559
1776556485413530400,20.1945302734375,0.0454834018021821,0.0228593267982359,-0.0075741250487044
1776556485423523300,20.2045234375,0.0468184497982263,-0.0022854257897473,-0.0171485570691525
1776556485433515500,20.214515625,0.0595417377710342,-0.0182891784716397,-0.0586231616213917
1776556485443507500,20.22450756835937,0.0658440527856349,-0.0247469123768154,-0.0706376437377184
1776556485453500400,20.23450048828125,0.0688543405175209,-0.0263210846246685,-0.0405839027902111
1776556485463492400,20.244492431640627,0.0814309134960174,-0.0119804245830979,0.0016402780203148
1776556485473484500,20.254484619140623,0.0806751266926527,0.0033684078540187,0.0425683180730789
1776556485483476500,20.2644765625,0.0457984591007232,0.0008760065163951,0.0617291282800957
1776556485493469400,20.274469482421875,0.0118283849596977,0.0076751560040749,0.052642479776591
1776556485503461400,20.28446142578125,0.0016641338199377,0.0040585181431844,-0.0013129457620903
1776556485513453600,20.29445361328125,-0.0212076232016086,-0.0111074868066236,-0.0308721081256866
1776556485523445200,20.3044453125,-0.0175800803542137,-0.0213091747467871,-0.0401688191832974
1776556485533438500,20.3144384765625,-0.0179874921113252,-0.0288061246397439,-0.0343435836285352
1776556485543430400,20.324430419921875,-0.0001513911694288,-0.0253449787346646,-0.0184350532157346
1776556485553422300,20.33442236328125,0.0125742348909378,0.006385417587636,0.0359924468141049
1776556485563415600,20.34441552734375,0.0181043964892625,-0.0066439406596589,0.0502687729151919
1776556485573407500,20.354407470703126,-0.0056920741617679,-0.0424040217563044,0.0423065983969718
1776556485583399400,20.3643994140625,-0.0167675949275493,-0.0526887118048034,0.0200413193685933
1776556485593391400,20.37439135742187,-0.0055406829923391,-0.0529938961633015,-0.0103641576260328
1776556485603384600,20.38438452148437,0.0348620545446872,-0.0399454587562009,-0.0054032838156446
1776556485613376300,20.394376220703126,0.0474327823042869,-0.0400116101944353,0.008558606041409
1776556485623368400,20.404368408203126,0.0682271485298871,-0.0462546693024691,0.0209792212732136
1776556485633360400,20.4143603515625,0.0574444732308387,-0.0198654970108065,0.0363967167660594
1776556485643353300,20.42435327148437,0.0302057531714439,-0.003708681792207,0.0349678895393386
1776556485653345300,20.43434521484375,0.0498036030888557,0.0114670591003261,0.0404322558924555
1776556485663337500,20.44433740234375,0.0310936419218778,0.0075485796154942,0.0160137808855623
1776556485673330400,20.454330322265623,0.0248164613485336,-0.0057134274770505,-0.0018386866692453
1776556485683322400,20.464322265625,-0.0017880524605512,-0.0064432030563242,-0.0287096693947911
1776556485693314600,20.474314453125,0.01754968521595,-0.0182733507148455,-0.0315929697461426
1776556485703306800,20.484306640625,0.0566226354539394,0.0031121954700909,-0.0001812017858028
1776556485713299700,20.4942998046875,0.0435965651422739,0.0468118830601219,0.076965531584993
1776556485723291600,20.50429174804687,0.0226361947000026,0.0327059359567239,0.0565620643731206
1776556485733283800,20.51428393554687,-0.0171732531189918,0.0149026504390407,0.011054587575607
1776556485743275500,20.524275634765623,0.0022702830195426,-0.02202411808311,-0.0302999342609196
1776556485753268700,20.534268798828126,0.0048082770645618,-0.0229351867797318,-0.0450111081153154
1776556485763260700,20.5442607421875,0.0085521397680044,-0.0064928052185568,-0.0377718410441651
1776556485773252600,20.55425268554687,0.0072293667316436,-0.0234894139958545,-0.0428166302783414
1776556485783245800,20.56424584960937,0.0039700726747512,-0.0111449966722633,-0.0484524807408452
1776556485793237800,20.57423779296875,0.0361696300119161,0.010228731210716,-0.0179287841940298
1776556485803229700,20.58422973632813,0.0327367329537868,0.026299402515823,0.0352947103409096
1776556485813221600,20.5942216796875,0.0203109666228294,0.0443894142867065,0.0586024841595441
1776556485823214800,20.60421484375,0.0237269125461578,0.0182461887132842,0.0308017463032156
1776556485833206500,20.61420654296875,-0.0244768541306257,-0.0091047230163123,0.0069633362066
1776556485843198700,20.62419873046875,-0.0366056833416223,-0.0041203952651005,-0.029354945028387
1776556485853190700,20.63419067382813,0.0021568857729434,-0.018040948464768,-0.0487142734821885
1776556485863183600,20.64418359375,-0.0081412208795547,-0.0034960345553699,-0.0458477050699293
1776556485873175600,20.65417553710937,0.0149473937630653,0.0076790832605212,-0.0600311287231743
1776556485883167700,20.66416772460937,0.0251730197012424,0.0200987669105641,-0.0187331228468567
1776556485893160700,20.67416064453125,0.054098085412383,0.0226836734038079,0.0020334055237472
1776556485903152600,20.684152587890622,0.0641448476523161,0.0377633746099192,0.016259426209703
1776556485913144600,20.69414453125,0.0803016172051429,0.0294361250723944,0.043357130363211
1776556485923136800,20.70413671875,0.0620540128529071,0.0113577169743366,0.019871369629167
1776556485933129700,20.71412963867187,0.0023883564412593,0.0013711696221958,-0.0915112126793712
1776556485943121700,20.72412158203125,0.0598830985546112,-0.0279005221361061,-0.07128628037218
1776556485953113900,20.73411376953125,0.0138256962567567,-0.0376360310363583,0.0066112348333001
1776556485963105800,20.744105712890622,-0.0214665663987398,-0.0353050490718334,-0.0038085985027253
1776556485973098800,20.7540986328125,-0.0203968913406133,-0.0180026440146844,-0.0096957568451762
1776556485983090700,20.76409057617188,0.0116401689112186,0.0113109917557798,-0.0077290598820894
1776556485993083000,20.77408276367188,0.0269184020638465,0.00579885900449,-6.68546911329e-05
1776556486003075600,20.78407568359375,0.0143652099609375,0.0152261467723641,-0.0001463131355121
1776556486013067800,20.79406787109375,-0.0034299744486808,0.0273609855990391,-0.017528898156248
1776556486023059700,20.80405981445313,-0.0297509951412677,0.0156786489133723,-0.0111474534908309
1776556486033051600,20.8140517578125,-0.0586082563132047,0.0029963688043877,0.0033254911608994
1776556486043044900,20.824044921875,-0.0695136812090873,0.0338192537937546,0.0178784057136625
1776556486053036800,20.83403686523437,-0.0539431871116161,0.0441793015002505,0.0363426484912633
1776556486063028700,20.84402880859375,-0.0609779080539941,0.0328837813082383,0.0485394649045541
1776556486073020700,20.85402075195313,-0.0292629193633794,0.011010775833344,0.0691372125795111
1776556486083014000,20.864013916015622,0.0208493112832307,0.0002529472811846,0.043133587273024
1776556486093005600,20.87400561523437,0.0140992525011301,-0.018020248170034,0.029208010838367
1776556486102997800,20.88399780273437,0.0336900881558656,-0.0244494866330875,0.0061409869730472
1776556486112990700,20.89399072265625,0.0866471868395805,-0.0294588255279697,-0.0163509404180571
1776556486122982700,20.903982666015622,0.1174397999882698,-0.0536177910821512,-0.0099869583440944
1776556486132974600,20.913974609375,0.1193441723048686,-0.0503846726461313,-0.0023105419646948
1776556486142966800,20.923966796875,0.0922340470612049,-0.0470607706541195,-0.0232872059546411
1776556486152959500,20.93395947265625,0.0766699827045202,-0.018035934362933,-0.0616063056180253
1776556486162951700,20.94395166015625,0.0760953976869583,-0.0093891614143038,-0.0586279473943635
1776556486172943600,20.953943603515626,0.0710439595162868,0.0031591992498608,-0.0505128473367542
1776556486182935800,20.963935791015626,0.0620960984289646,-0.0010317907331511,-0.0208377669759094
1776556486192928800,20.9739287109375,0.0519406151175498,0.0159140148720936,0.0176260749204084
1776556486202920700,20.98392065429688,0.0754343034297227,-0.0072758681879146,0.0031844021897763
1776556486212913000,20.99391284179688,0.0493880080252885,-0.0376071017693961,0.0034644977727904
1776556486222904600,21.003904541015626,0.0605927081286907,-0.0601765194100793,-0.0296535991813987
1776556486232897800,21.01389770507813,0.0354319633871316,-0.0815543024136684,-0.0558055103847756
1776556486242889700,21.0238896484375,0.0286807355612516,-0.0905666070393286,-0.0584191634818911
1776556486252881700,21.03388159179688,0.0264168822824955,-0.0943091911011375,-0.0536682791603729
1776556486262874600,21.04387451171875,0.0073953709483146,-0.0903812040024436,-0.0197491314889863
1776556486272866800,21.05386669921875,-0.0416980380445718,-0.0679859601851552,-0.015494177458249
1776556486282858500,21.0638583984375,-0.0426163219332694,-0.0567113183843903,0.0050046398868784
1776556486292850700,21.0738505859375,-0.0269318460673093,-0.0262397630167659,0.024208704713732
1776556486302844000,21.083843994140626,-0.0206815535008907,-0.0248490393107291,0.050197424712032
1776556486312835600,21.09383569335937,-0.0548339984714984,-0.036473873655498,0.0205578905886039
1776556486322827800,21.10382788085937,-0.0315361249923706,-0.0588621123432647,0.017010427240096
1776556486332819700,21.11381982421875,0.0002718026787042,-0.0609464078040327,0.0294937689771875
1776556486342812700,21.123812744140626,0.0018365677773952,-0.0503581408322323,0.0393376290561631
1776556486352804600,21.1338046875,-0.0298263984650373,-0.0250799437234643,0.0475265250023454
1776556486362796800,21.143796875,-0.0240945768147707,-0.0045289486665278,0.0520867455899715
1776556486372789500,21.15378955078125,-0.0087900401771068,0.0538919501147232,0.0490283809326589
1776556486382781700,21.16378173828125,0.0026262568503618,0.0529759677809663,0.0343482232710346
1776556486392773600,21.173773681640625,0.0195996034830808,0.0446269402364734,0.0104695542292669
1776556486402765800,21.183765869140625,-0.0069417819619178,0.0576657969644758,-0.0245696104479953
1776556486412758500,21.19375854492188,0.057969958409667,0.058035653190175,-0.0286332431577146
1776556486422750700,21.20375073242188,0.0801017107188701,0.0429404393211007,-0.0193332441644743
1776556486432742700,21.21374267578125,0.0667635057181119,0.0583592865208163,0.0174119937783107
1776556486442734600,21.223734619140625,0.0846685802429914,0.0716497981886379,0.0493036907427012
1776556486452727800,21.233727783203125,0.1192851355940103,0.0939527971452102,0.0713374260375276
1776556486462719700,21.2437197265625,0.1097252800881862,0.0487023821149952,0.0484274924300611
1776556486472711700,21.25371166992188,0.070219199129939,0.0236811828414443,-0.008967880962044
1776556486482703600,21.26370361328125,0.0452285502582788,-0.0135528341321274,-0.0632757001349702
1776556486492696800,21.27369677734375,0.0272819746792316,-0.0481939394025132,-0.0965827437900006
1776556486502688800,21.283688720703125,0.0361018254727125,-0.0753890943148173,-0.0985528748191893
1776556486512680700,21.2936806640625,0.0142915602028369,-0.0168919884921982,-0.0400554584693163
1776556486522673700,21.303673583984377,-0.0933288565605878,0.0134052058223634,0.0855571265805512
1776556486532665900,21.313665771484377,-0.1052840827703475,0.0116620884820818,0.0609228899311274
1776556486542657500,21.323657470703125,-0.0799421362429857,0.0124604723181575,0.1003372009526938
1776556486552649700,21.333649658203125,-0.0206125799179077,-0.0058343869755975,0.1660962058033794
1776556486562642700,21.343642578125,0.0014653963774442,0.0101988292627967,0.1975335831290111
1776556486572634600,21.353634521484373,-0.0084738138347864,-0.0254456534970086,0.2694420870527625
1776556486582626600,21.36362646484375,0.0083510642379522,-0.084310935044894,0.2486921079581603
1776556486592618800,21.37361865234375,0.0004752162963151,-0.1386544374525547,0.2217390729723498
1776556486602611700,21.38361181640625,0.0081429744452238,-0.1600790644057095,0.205598633499816
1776556486612603600,21.393603759765625,0.0299982479006052,-0.1824976890985853,0.1600300741648301
1776556486622595800,21.403595947265625,0.0356727864056825,-0.1792643514668568,0.1084697636017575
1776556486632588500,21.41358862304688,0.0435638319164514,-0.178603494671639,0.0477159831598401
1776556486642580700,21.42358081054688,0.0336199455291032,-0.1429702822245191,0.0051835035851225
1776556486652572700,21.43357275390625,0.0182668935745954,-0.1202214117971248,-0.0482692696610465
1776556486662564900,21.44356494140625,-0.0084574472218751,-0.0899892090101726,-0.1198529620772227
1776556486672557600,21.4535576171875,-0.035324995881319,-0.0680760587545577,-0.1813509119499474
1776556486682549800,21.4635498046875,-0.0481043979555368,-0.0381842577699571,-0.2071645676422864
1776556486692541700,21.47354174804688,-0.0508259318739175,-0.0030679453364107,-0.2071806785268709
1776556486702534400,21.483534423828125,-0.0626402883082628,0.0230858472967986,-0.2226861445641145
1776556486712527400,21.49352734375,-0.0530330865293741,0.0517122771212365,-0.2081325724242255
1776556486722519300,21.503519287109373,-0.0446095415771007,0.0667316401419695,-0.1449128037275746
1776556486732511200,21.51351123046875,-0.0406657723873853,0.0768312194145284,-0.1006925902616232
1776556486742503400,21.52350341796875,-0.0346282457888126,0.0627661340444814,-0.0670143021414056
1776556486752496400,21.533496337890625,-0.03549100009799,0.0721676480502821,-0.0262633722212165
1776556486762488300,21.54348828125,-0.0377203665852546,0.0928260764039121,0.0340588118704035
1776556486772480300,21.553480224609373,-0.0025572832673788,0.1115217533172108,0.0487966910686343
1776556486782473200,21.56347314453125,0.0207680627405643,0.0831593081912025,0.0558419334050267
1776556486792465400,21.57346533203125,0.070111062580347,0.0857437899927608,0.0608635609593242
1776556486802457300,21.583457275390625,0.1183990004092454,0.0826385174538008,0.0442354841003194
1776556486812449500,21.593449462890625,0.169077632766962,0.0651941420761169,0.0376594667108729
1776556486822442200,21.60344213867188,0.1826508155673742,0.0301093116262229,-0.0115601259449496
1776556486832434400,21.61343432617188,0.1709399195075035,-0.0024739660652121,-0.0387858038596808
1776556486842426400,21.62342626953125,0.2144488063663244,-0.0050179605927551,-0.0591443724839016
1776556486852418300,21.633418212890625,0.2126239290267229,0.0195515859231585,-0.0583219867177307
1776556486862411300,21.643411376953125,0.191644269362092,0.0554410381536697,-0.0632003698764368
1776556486872403500,21.653403564453125,0.1522568463474512,0.085046026120102,-0.0451666274705901
1776556486882395400,21.6633955078125,0.1103191543281078,0.0917764029541984,-0.0590299888566136
1776556486892387300,21.67338720703125,0.0721329237967729,0.0949723129186779,-0.0875100142139941
1776556486902380500,21.683380615234373,0.018685411247611,0.0728469264181796,-0.1150846151642501
1776556486912372200,21.693372314453125,-0.0039314942300319,0.0570421395076438,-0.0911793869091197
1776556486922364400,21.703364501953125,-0.0464408486574888,0.0404752456508111,-0.077084079930745
1776556486932357400,21.713357421875,-0.0824994195103645,0.0071342814598698,-0.0692059669667854
1776556486942349300,21.723349365234377,-0.0763525873184204,-0.00957960138591,-0.0456356332218274
1776556486952341200,21.73334130859375,-0.0519523055553436,-0.0126369613962247,-0.0040200858289375
1776556486962333400,21.74333349609375,-0.0341460152298212,-0.0291157751108054,0.0187299810416996
1776556486972326400,21.753326416015625,-0.0353624052822589,-0.0367297207132447,0.0390236677361652
1776556486982318300,21.763318359375,-0.0146095401108264,-0.0384013985188212,0.08369560702499
1776556486992310300,21.773310302734377,0.0034264673173427,-0.0597704502266831,0.078417337828502
1776556487002302500,21.783302490234377,-0.0141629653871059,-0.0719594029939267,0.0420182099096477
1776556487012295200,21.793295166015625,0.0061088382691144,-0.090112205202179,0.0167303681896999
1776556487022287400,21.803287353515625,0.0073842650324106,-0.1015752548476681,-0.0292366889435797
1776556487032279300,21.813279296875,0.0228933843314647,-0.0880335266314446,-0.0417821361314505
1776556487042271500,21.823271484375,0.0554641130685806,-0.0742015102317556,-0.0357170274062082
1776556487052264400,21.83326440429688,0.0615402181118726,-0.0535652571773156,-0.0081811144985258
1776556487062256400,21.84325634765625,0.0664087009310722,-0.023204523506714,0.0129690063621848
1776556487072248600,21.85324853515625,0.0329652810126543,-0.0246279987048823,0.0175342319184914
1776556487082241300,21.8632412109375,0.0224129073381423,-0.0165535229186061,0.0098456867098808
1776556487092233500,21.8732333984375,0.0112695820331573,-0.0159207871061749,0.0013146993277594
1776556487102225400,21.88322534179688,-0.0098877722859382,-0.0242923644091933,-0.0270373522683978
1776556487112217300,21.89321728515625,-0.0057464346975088,-0.0308652765261009,-0.011549166159518
1776556487122210300,21.903210205078125,0.0102291330695152,-0.0186444581827148,0.0312382745569571
1776556487132202500,21.913202392578125,-0.0080506199866533,-0.0364183075433596,0.0597902326393872
1776556487142194200,21.92319409179688,0.0136170219421386,-0.029610034034308,0.0593040200250223
1776556487152186400,21.93318627929688,0.0360246685832738,-0.0093552728444337,0.0782044257301837
1776556487162179600,21.9431796875,0.0371831909686326,0.0025440219270065,0.0817753064868971
1776556487172171300,21.953171142578125,0.0114162970274686,-0.0270404210083186,0.0297105900656431
1776556487182163500,21.96316357421875,-0.0135801970630884,-0.0518734133665449,-0.0252021727304905
1776556487192155400,21.9731552734375,0.0060293432921171,-0.0241204784410074,-0.0098202965402975
1776556487202148400,21.9831484375,-0.0193868375152349,0.0093521493055857,0.0407754067743197
1776556487212140300,21.993140380859376,-0.023851415708661,0.0216266340649686,0.0670586162071675
1776556487222132500,22.003132568359376,0.008178045758605,0.0311042729137465,0.0837717044685035
1776556487232125200,22.013125244140625,0.0095154318422079,0.0229335519450716,0.1025329939639195
1776556487242117400,22.023117431640625,0.0192173261672258,0.0130574883632361,0.0884721372444182
1776556487252109300,22.033109375,-0.0113420627474784,-0.0140471204550936,0.0477075075924396
1776556487262101500,22.0431015625,0.036654783180356,-0.0452893405348062,0.0055048079613596
1776556487272094200,22.05309423828125,0.0409656321167945,-0.0573332131423987,-0.0217730385320261
1776556487282086400,22.06308642578125,0.0180582192599773,-0.0446394800576381,-0.0448353131569921
1776556487292078300,22.073078369140624,0.0168769005209207,-0.0430156234491616,-0.0510970769654959
1776556487302070300,22.0830703125,0.0251373638659715,-0.0116167697693221,-0.0678372358968481
1776556487312063500,22.0930634765625,0.015145546683669,0.0487063824366778,-0.0360348977163434
1776556487322055400,22.10305541992188,0.0064911155849695,0.0928304968507029,0.0069589522924274
1776556487332047400,22.11304736328125,-0.0003717559218406,0.1159753717252053,0.0220134962243959
1776556487342039300,22.123039306640624,-0.0361141004323959,0.1015559108263813,-0.0074268620651215
1776556487352032500,22.133032470703125,-0.0580821866124868,0.0912160291250795,-0.004748034777306
1776556487362024200,22.14302416992188,-0.0559644638061523,0.0654564051749184,0.0112495986910536
1776556487372016400,22.15301635742188,-0.0732896926164627,0.0469449805210344,-0.009806596808508
1776556487382009300,22.16300927734375,-0.0847685334861278,0.0130416697395965,-0.0254822317808866
1776556487392001300,22.173001220703124,-0.0728904641658067,0.0241153456081636,-0.05114424057547
1776556487401993200,22.1829931640625,-0.029592005187273,0.0329415165445767,-0.0341541985362768
1776556487411985400,22.1929853515625,0.0117477209389209,0.0516878276665695,0.0125214817903935
1776556487421978400,22.202978271484376,0.0493184499204158,0.0793971700455527,0.0271780393807217
1776556487431970300,22.21297021484375,0.0644224955499172,0.0871097628500312,0.0615055121246725
1776556487441962500,22.22296240234375,0.0998556279808282,0.0665855188027024,0.0539095771029591
1776556487451954400,22.232954345703124,0.1040063179194927,0.0264722383320797,0.0330715543987229
1776556487461947400,22.242947509765624,0.0869213276058435,0.0078833371283486,-0.012491488510929
1776556487471939300,22.252939208984376,0.0942354500114917,-0.0314486841709353,-0.0417085959712043
1776556487481931500,22.262931640625,0.0874964971452951,-0.0286346131308935,-0.0612884353078901
1776556487491923500,22.27292333984375,0.0990197616785764,-0.0126530631476547,-0.0572394521780312
1776556487501916400,22.28291650390625,0.0665630147099494,0.0200689928268082,-0.040121180649288
1776556487511908400,22.292908447265624,0.0362128846317529,0.0385831574270501,-0.0365993631986901
1776556487521900300,22.302900390625,0.0523994648009538,0.0661034161078743,-0.0302687719376757
1776556487535640600,22.316640625,0.0136766431748867,0.0449704564445186,0.009527597204037
1776556487545632300,22.32663232421875,0.007719196075201,0.019920926125627,-0.0198414859475567
1776556487555624200,22.336624267578124,0.0077495912134647,0.0194366406068671,-0.0207797166457399
1776556487565616400,22.346616455078124,0.0004331307202577,-0.0058243405056186,0.0078195877097547
1776556487575609300,22.356609375,-0.001215805530548,-0.0243589999046176,0.0456034845178946
1776556487585601300,22.36660131835937,0.0034141923576593,-0.0281170281307306,0.0629247678054496
1776556487595593500,22.37659350585937,0.0066968672901391,-0.0656777289085555,0.0546322288217023
1776556487605585400,22.38658544921875,0.0105780926376581,-0.0872551352706272,0.0259196368174627
1776556487615578400,22.396578369140624,0.0241810860544443,-0.0770599866691045,0.0334375016342848
1776556487625570300,22.4065703125,0.048551557201147,-0.0765881131073459,0.0394182565443217
1776556487635562500,22.4165625,0.0428401938170194,-0.0648116135985124,0.0507892896579578
1776556487645554400,22.42655444335937,0.0188677820771932,-0.0659486091386526,0.0193801885787397
1776556487655547400,22.43654736328125,-0.0034480946272611,-0.0547905703217256,0.002479724519141
1776556487665539300,22.446539306640624,-0.0206710321068763,-0.0267932778468355,0.0058291810775175
1776556487675531300,22.45653125,-0.0128869541019201,-0.0126018261507619,-0.017668562355265
1776556487685524500,22.4665244140625,-0.031725510084629,-0.0043431255045346,-0.0273829873682931
1776556487695516400,22.476516357421875,-0.0153927994430065,0.010551040233951,-0.0280506574967876
1776556487705507000,22.486507080078123,0.0034884266376495,0.0378415909452829,0.0001914309188723
1776556487715499300,22.496499267578123,-0.0258072259515523,0.03290124846627,-0.0006375672511756
1776556487725492000,22.50649194335937,-0.0096089553445577,0.0158046864458359,0.0068980889506638
1776556487735484200,22.51648413085937,-0.0113718733638525,-0.0058954695130698,0.0076094155577942
1776556487745476000,22.52647607421875,0.0175409173876047,-0.0245172774725593,0.0217422415349632
1776556487755468000,22.536468017578127,0.0271568869948387,-0.0508293842063285,0.0309296835318207
1776556487765461200,22.546461181640623,0.0327174437314271,-0.0566875356500037,0.0422599462436512
1776556487775453200,22.556453125,0.0255436065793037,-0.0395117069814354,0.0604913666460663
1776556487785445000,22.56644506835937,0.0509808301746845,-0.0190603363740723,0.0442861913742497
1776556487795437000,22.57643701171875,0.0735673405140638,0.0162729524115566,0.0464942593451589
1776556487805430300,22.58643017578125,0.0687841978907585,-0.0121445656362455,0.0025815043931826
1776556487815422000,22.596421875,0.048609424868226,-0.0219815849824808,-0.0354549424039199
1776556487825414100,22.6064140625,0.0375754051566123,0.0085024006084538,-0.0299069163553416
1776556487835407000,22.616406982421875,0.0150315649151802,0.010156287029013,-0.0072481444973498
1776556487845399000,22.62639892578125,-0.0099082305520772,0.0192406979096587,0.007936857413873
1776556487855391000,22.636390869140627,-0.0137491238892078,0.0198059397101402,0.0274806755891069
1776556487865383200,22.646383056640627,-0.0327186127752065,0.0298029445242136,0.0437318088945001
1776556487875376000,22.656376220703127,-0.0151800334751605,0.0377176266388967,0.0333874154148623
1776556487885368000,22.6663681640625,0.0090858082532882,0.0216028056648094,0.0048094461083412
1776556487895360300,22.6763603515625,0.0373813438892364,-0.0051612004217691,-0.0192362135307863
1776556487905352200,22.686352294921875,0.0412830275028944,-0.0193460397139657,-0.0279683860408142
1776556487915345200,22.69634521484375,0.0438414798140525,-0.0120831634383648,-0.0226398479618132
1776556487925337000,22.706337158203127,0.0255845231115818,4.29714920464e-05,0.002808298886381
1776556487935329300,22.716329345703127,0.0415852253198623,0.0001682692389935,-0.000676182228513
1776556487945321000,22.726321044921875,0.0183826289087533,0.0236815025018528,-0.00367160118483
1776556487955314200,22.73631420898437,0.00236848269701,0.0340386093325912,-0.0367246700787916
1776556487965306000,22.74630615234375,-0.0275496857047081,0.0521105465906672,-0.0864192233026027
1776556487975298000,22.756298095703126,-0.0231786310136318,0.0465171744298655,-0.0922999884368851
1776556487985291000,22.766291015625,-0.0050175359010696,0.0491128991446457,-0.0804659409213811
1776556487995283200,22.776283203125,-0.0037602293163537,0.04554399114931,-0.0530505856534466
1776556488005275100,22.78627514648437,0.0025894319713115,0.0210413769563427,-0.0569535844413563
1776556488015267000,22.79626708984375,0.0188104989320039,-0.0020690796253271,-0.037321941852197
1776556488025260300,22.80626025390625,0.0580564676493406,-0.010508164640027,-0.0083579689027741
1776556488035252000,22.816251953125,0.0824608410656452,-0.0084024975976673,0.0006742825323715
1776556488045244200,22.826244140625,0.0797574273258447,-0.0005908922649687,0.0251343316586688
1776556488055237000,22.836237060546875,0.0730026923686266,0.0151706354591529,0.0071836644263938
1776556488065229000,22.84622900390625,0.0812087951779365,0.0229632712299004,0.006913067324087
1776556488075221000,22.856220947265623,0.0695230335593223,0.0184812806773697,0.0020138240404427
1776556488085213200,22.866213134765623,0.0708709410369396,0.0132078292198944,-0.0239011000692844
1776556488095206100,22.8762060546875,0.0610153174549341,-0.0156486191012896,-0.0384702716371044
1776556488105198000,22.886197998046875,0.0685305153906345,-0.0291422155931591,-0.0089392028568312
1776556488115190000,22.89618994140625,0.0745581051170826,-0.0267970772391185,-0.0066250441629439
1776556488125182200,22.90618212890625,0.0428799413055181,-0.0156942574744578,-0.0006823197083547
1776556488135175200,22.916175048828126,0.0296048646688461,-0.0029204814234282,0.0380905150718986
1776556488145167000,22.9261669921875,0.0420522583097219,0.0186731819537002,0.0478832660181447
1776556488155159000,22.93615893554687,0.0303963073074817,0.0159409211453283,0.0353282472843304
1776556488165152000,22.94615209960937,0.0109504330813884,0.0053997903840383,0.0026616204246878
1776556488175144200,22.95614428710937,-0.0014741642057895,-0.0084295317350653,0.0097188819924369
1776556488185136000,22.96613623046875,-0.0269265853703021,-0.0110467010966734,0.0523689600648358
1776556488195128300,22.97612841796875,-0.0172276136547327,-0.0177637709246249,0.0532466196822002
1776556488205121000,22.98612109375,-0.0414940399050712,-0.0493269437541253,0.0165362703897058
1776556488215113200,22.99611328125,-0.0319254165709018,-0.0771271518874913,-0.019514080624096
1776556488225105200,23.00610522460937,0.0147691145867109,-0.0931178076257929,-0.0309553294297307
1776556488235098000,23.01609814453125,0.034534137764573,-0.0799327108275145,-0.0029143165441229
1776556488245090000,23.026090087890623,0.0402472547143697,-0.0770068865086883,-0.0018921338895335
1776556488255082200,23.036082275390623,0.0550876809716224,-0.0551846339734969,0.0091164956524968
1776556488265074000,23.04607397460937,0.061686933106184,-0.0123812650355277,0.033548487728089
1776556488275067100,23.056067138671875,0.0392179116666316,0.0119551348782144,0.0695544150782749
1776556488285059300,23.06605932617187,0.0096978026717901,-0.0008290940681705,0.0634345804911106
1776556488295051000,23.076051025390623,-0.010996025788784,0.0029817237911047,0.0252575927121564
1776556488305044200,23.086044189453126,-0.0439461092323064,-0.0154846378783462,-0.0236710176404565
1776556488315036200,23.0960361328125,-0.024494974309206,0.0026426508627366,-0.0335935689788311
1776556488325028000,23.10602807617187,-8.65092396736e-05,-0.000388090568711,-0.0191548188576474
1776556488335020000,23.11602001953125,0.0005436053574085,-0.0092477527827722,-0.0113429029976949
1776556488345013200,23.12601318359375,0.027960020071268,0.0173897728133481,-0.0144978598972782
1776556488355005000,23.1360048828125,0.0478781879842281,0.0120298714817035,0.0241680073771625
1776556488364997000,23.1459970703125,0.0559498507589101,0.0163740929647814,0.0586362037660554
1776556488374990300,23.155990234375,0.0538163458615541,0.0103438820229843,0.0697405487675219
1776556488384982000,23.16598193359375,0.0329658655345439,0.0069144007646478,0.0284959170462563
1776556488394974200,23.17597412109375,0.0158662621736526,0.0082169438637327,0.000197897192277
1776556488404966100,23.18596606445313,0.0091214640885591,-0.0005901205134112,-0.0357042044572532
1776556488414959000,23.195958984375,0.0033107319831848,-0.0130859061735449,-0.0458415675900876
1776556488424951000,23.20595092773437,-0.0458498970270156,0.0193926142354728,-0.02686415112596
1776556488434943200,23.21594311523437,-0.0671557199060916,0.0462180179533548,0.0270976310882717
1776556488444936000,23.22593603515625,-0.0431517439842224,0.0556309027365408,0.1071499131748452
1776556488454928100,23.23592822265625,0.0144745155543088,0.0813205849893391,0.1403391756691038
1776556488464920000,23.245920166015622,0.0679933397740125,0.057132735833968,0.1280728011509403
1776556488474912300,23.255912353515622,0.0104378073841333,0.0488446309967432,0.0772449695808813
1776556488484905000,23.26590502929687,-0.008218962290883,-0.0081661384083912,-0.0030496698942035
1776556488494897200,23.27589721679687,-0.0038116672426462,-0.0333992656828602,-0.0572330589698627
1776556488504889000,23.28588916015625,0.0268143571674823,-0.015898499925842,-0.0905543868785724
1776556488514881000,23.295881103515622,0.0757277334183454,-0.0376327111346879,-0.0779173889497295
1776556488524874200,23.30587426757813,0.0757405928999185,-0.042863871520129,-0.0735859356166794
1776556488534866200,23.3158662109375,0.089234865245223,-0.0461341801613802,-0.0702664358051493
1776556488544858000,23.32585815429688,0.0719067138254642,-0.0134196727391332,-0.0247032102324068
1776556488554851000,23.33585107421875,0.0636988574504852,0.0157662301570584,-0.0186371881917119
1776556488564843300,23.34584326171875,0.0285381122201681,-0.0061036900240724,-0.0071947338096797
1776556488574835000,23.3558349609375,-0.0314683204531669,-0.01348293353396,-0.0165582995584234
1776556488584827100,23.3658271484375,-0.0045265375137329,-0.0186734901976655,-0.0550109624736011
1776556488594820000,23.37582006835937,0.0337999782711267,-0.0179471098685869,-0.0518723356543108
1776556488604812000,23.38581201171875,0.0245499193668365,-0.0118885199323878,-0.0429709440572187
1776556488614804000,23.39580395507813,-0.0071516253203153,-0.0061255998909589,-0.019108933889307
1776556488624797200,23.405797119140622,-0.0125251350522041,0.0197853238970856,0.0257442802505567
1776556488634789000,23.4157890625,-0.0209147777348756,0.0425132908170577,0.0234335556227713
1776556488644781000,23.42578100585937,-0.0207896900504827,0.0329066141945542,0.0211648435058072
1776556488654773000,23.43577294921875,-0.019019173246622,0.0037748229556425,0.0075380673546344
1776556488664766000,23.445765869140622,-0.0390817180663347,-0.0119773855259292,-0.0229192128924652
1776556488674758100,23.455758056640622,0.0019277531921863,-0.0244853570974897,-0.0305149652510881
1776556488684750000,23.46575,0.0137695821553468,-0.0216422700255177,-0.020435250589624
1776556488694743000,23.47574291992188,0.0149894793391227,-0.0132978227580199,-0.0189563736760988
1776556488704735700,23.48573583984375,0.0202490073025226,0.0216963839660864,-0.0044486865045502
1776556488714727700,23.49572778320313,0.0834071820050477,0.0489811670903349,0.0155633702369406
1776556488724719900,23.50571997070313,0.0908762027114629,0.056342987395497,0.0449920746212825
1776556488734712800,23.515712890625,0.0908580825328826,0.0180331099348957,0.0402655210234224
1776556488744704800,23.52570483398437,0.1002735611319541,-0.034132331481052,0.0074215283028781
1776556488754697000,23.53569702148437,0.1092600006639957,-0.0414936745788902,-0.0234981818241998
1776556488764689700,23.545689697265622,0.1131780508905649,-0.0461729549689218,-0.0144595371808856
1776556488774681900,23.555681884765622,0.0630938772946596,-0.0199537689493037,0.0036264468688517
1776556488784673800,23.565673828125,0.0549205077111721,0.0017124893065774,-0.0070147376002743
1776556488794665700,23.57566577148437,0.0563216066807508,0.0108262975283549,-0.0159459032811224
1776556488804658700,23.58565869140625,0.0321299992322921,0.0105417951982817,-0.0002262830365449
1776556488814651000,23.59565087890625,-0.0035895489245653,0.0108308275729999,-0.0003678469317033
1776556488824642600,23.605642578125,-0.0346790991932153,0.007382632481039,0.0022317411074414
1776556488834635800,23.6156357421875,-0.0243359843552112,-0.0010172096519498,0.0240939557602629
1776556488844628000,23.6256279296875,-0.0153612352609634,0.0030786573850258,0.0158220577057451
1776556488854619600,23.63561962890625,-0.0261561855196952,-0.0330516441218554,0.0040909956406801
1776556488864611600,23.645611572265626,-0.0101706808805465,-0.0510784361971076,-0.0244283753463998
1776556488874604800,23.65560473632813,-0.0251642518728971,-0.0546267489289864,-0.0497043804980814
1776556488884596700,23.6655966796875,0.004138414978981,-0.0517522164059802,-0.0361691916204988
1776556488894588700,23.67558862304688,0.0080067808449268,-0.0372771437292452,0.0004714534366503
1776556488904580900,23.68558081054688,0.0121861123561859,-0.0286844139392371,-0.0138907243169844
1776556488914573600,23.69557348632813,0.0090565821588039,-0.0283162404972594,-0.045604982355237
1776556488924565800,23.70556567382813,0.0213642750680446,-0.0190186652149015,-0.0403564141772687
1776556488934557700,23.7155576171875,0.0226057995617389,-0.0200814755657571,-0.0251407979320734
1776556488944550700,23.72555053710937,0.0370025737047195,0.0045342881369928,0.0254055132828652
1776556488954542600,23.73554248046875,0.0063444005906581,0.0122805377575452,0.0704669268133118
1776556488964534800,23.74553466796875,-0.0068248775839805,0.0083877703859936,0.0842397969042882
1776556488974526700,23.75552661132813,-0.0051981531649827,0.0193405232886318,0.0954695583837106
1776556488984519700,23.765519775390626,-0.0097200145035982,0.0179947746604157,0.0660055269576609
1776556488994512000,23.775511962890626,0.0107511111170053,0.0261274046664941,0.0531992003438994
1776556489004503800,23.78550390625,0.0207639710873365,0.0161941584041691,0.0286249867860227
1776556489014496800,23.79549682617188,0.0448521181613206,-0.0005731054465286,0.0204165824217721
1776556489024488700,23.80548876953125,0.0574281066179275,-0.0146909279340994,0.0291799903202801
1776556489034481000,23.81548095703125,0.0484627098739147,-0.0391928365908796,0.0068353989779949
1776556489044472600,23.82547265625,0.0749585026115179,-0.0417454025839455,0.0264993364015594
1776556489054465800,23.8354658203125,0.0622416443794965,-0.0369204734953935,0.0185366138940677
1776556489064457700,23.84545776367188,0.0547585951477289,-0.0266882283034734,-0.0129717828411608
1776556489074449700,23.85544970703125,0.0525198763102293,-0.0214669636909617,-0.0326677593708038
1776556489084443000,23.86544287109375,0.0285901346683502,-0.0004782690532156,-0.0143607529815286
1776556489094434800,23.87543481445313,0.0360959802538156,0.0377090551733737,-0.0310759601347148
1776556489104426500,23.88542651367188,0.0217658416062593,0.0333329201650922,-0.0598683028442785
1776556489114418700,23.89541870117188,-0.0304167655736207,0.0120700961775262,-0.0547210761489346
1776556489124412000,23.90541186523437,-0.0326215821415185,0.023147827166703,-0.0191845564087852
1776556489134403600,23.91540356445313,-0.0134516022473573,0.0301236232793657,0.0316196750899776
1776556489144395800,23.92539575195313,-0.0695756405293941,0.0303263724599848,0.0423456152331084
1776556489154387700,23.9353876953125,-0.0514858570873737,0.0053474596918909,0.0096549499107524
1776556489164380700,23.94538061523437,-0.0432855994969606,0.0139032447301957,0.0146719378225505
1776556489174372600,23.95537255859375,-0.0356786316245794,0.0100964112095825,0.0264082971172407
1776556489184364800,23.96536474609375,0.0261088392466306,-0.001760251138173,0.016571341703087
1776556489194357800,23.975357666015626,0.062167994621396,-0.0277759961407165,0.0012379442971199
1776556489204349700,23.985349609375,0.0745890847772359,-0.0494714759245049,0.0070823229437693
1776556489214341600,23.995341552734377,0.0906020619451999,-0.0666443454510066,0.0360196270819753
1776556489224333800,24.005333740234377,0.0971878700762987,-0.0602979355663526,0.0244653828885406
1776556489234326800,24.01532690429688,0.0932920316815376,-0.0517806113834027,0.0253937497798353
1776556489244318700,24.025318603515625,0.0575198765546083,-0.0425428502716822,0.0141870769150555
1776556489254311000,24.035310791015625,0.0332832609206438,-0.0474468930280301,-0.0313277794713154
1776556489264303600,24.0453037109375,0.0150420863091945,-0.0218461471507209,-0.0609155468748882
1776556489274295800,24.0552958984375,-0.0169628252387046,-0.0056583100311283,-0.042113304314576
1776556489284287700,24.06528784179688,-0.0404325481534004,0.0331702860824414,-0.0436779232827946
1776556489294280000,24.07528002929688,-0.0354635275691747,0.0238928391310153,-0.0370711819615215
1776556489304272600,24.085272705078125,-0.0692436320960521,0.0251391356979496,-0.0382897639710456
1776556489314264800,24.095264892578125,-0.0910416224062442,0.047348072296055,-0.0377059727337211
1776556489324256800,24.1052568359375,-0.0556809706896543,0.0599820334510179,0.0060268590740859
1776556489334248700,24.11524877929688,-0.0201870479822158,0.0450871553264791,0.0344435003390535
1776556489344242000,24.125241943359377,-0.0037239889591932,0.0230733782575814,0.0412474812654778
1776556489354233900,24.13523388671875,0.0091349080920219,-0.0194097571665188,0.0205401357362046
1776556489364225500,24.1452255859375,0.0215454768538475,-0.0504210819666506,-0.004661050613597
1776556489374218800,24.15521875,0.0378448697477579,-0.0758018444007495,-0.0075104121627286
1776556489384211000,24.1652109375,0.0786871677458286,-0.0747333612192887,-0.0014148352339863
1776556489394202600,24.17520263671875,0.0912462050676345,-0.0261132345772464,-0.0099323055474087
1776556489404194800,24.18519482421875,0.1371732589840888,-0.0038835560143896,0.0013578078171238
1776556489414187800,24.195187744140625,0.130123340472579,-0.0094369415122084,-0.006695442518033
1776556489424179700,24.2051796875,0.1147106672853231,-0.0282603821241762,-0.0307627659996971
1776556489434171600,24.215171630859373,0.1429968505710363,-0.0056243717997305,-0.0307648848915472
1776556489444164900,24.22516479492188,0.1123223108440637,0.0005851383776171,-0.016665230531618
1776556489454156500,24.235156494140625,0.0642921471685171,0.0102181127769348,-0.0157205335600301
1776556489464148700,24.245148681640625,0.0626467180490493,0.0191079726247931,-0.0177548889318481
1776556489474140700,24.255140625,0.0505231495350599,0.0186034457523142,0.0063955097233876
1776556489484133600,24.26513354492188,0.006976853275299,-0.0072900793763576,0.0078234966998919
1776556489494125800,24.27512573242188,0.0042822073638439,-0.0238414057713001,0.010779095102474
1776556489504117800,24.28511767578125,-0.0099386256903409,-0.0259938756640302,0.0227389609547331
1776556489514110000,24.29510986328125,-0.0371907897531986,-0.0190278360436903,0.0267107141299173
1776556489524102700,24.3051025390625,-0.0672954206377267,0.000778939350089,0.0539524298639968
1776556489534094800,24.3150947265625,-0.0459404979199171,0.0173049577738391,0.0604631269322708
1776556489544086800,24.32508666992188,-0.0441962846010923,0.0022789732160745,0.0617609847230836
1776556489554079700,24.335079833984373,-0.0529208583265543,-0.018319601009367,0.0650354398164898
1776556489564071700,24.34507177734375,-0.0284194542765617,-0.0362208350427681,0.0703763989856466
1776556489574063900,24.35506396484375,-0.0033142391145229,-0.0442759850740665,0.0475288996225222
1776556489584055600,24.3650556640625,0.0009989479094743,-0.0533241190649336,0.0571348227597773
1776556489594048800,24.375048828125,0.0180365919500589,-0.0574796039097243,0.0440479621715843
1776556489604040700,24.385040771484373,0.0412064551353454,-0.0566343167585786,0.0549887141091749
1776556489614032600,24.39503271484375,0.0489595534801483,-0.0538112404281739,0.0848897121803834
1776556489624025900,24.40502587890625,0.0486123474776744,-0.049364955943264,0.0642556145504116
1776556489634017800,24.415017822265625,0.0623106179624795,-0.0383725377505179,0.0462137253707274
1776556489644009700,24.425009765625,0.0571428599357604,-0.0634809129840228,0.0143226494608446
1776556489654001700,24.435001708984377,0.0338771351605653,-0.0700030721612274,-0.0140927131624892
1776556489663995000,24.44499487304688,0.0122778822928667,-0.0372929532197304,-0.0358477045811712
1776556489673986600,24.454986572265625,-0.0088595982819795,-0.0145620385741349,-0.0170507957831025
1776556489683978800,24.464978759765625,-6.02057546377e-05,0.0132917446436826,0.0123725748389959
1776556489693970700,24.474970703125,-0.0050151978135108,0.0035018706411123,0.0133250167256221
1776556489703963600,24.48496362304688,-0.0273217221677303,-0.0055971487201983,0.0122601639730855
1776556489713955800,24.49495581054688,-0.0042839609295129,-0.0318639093417441,-0.0024787381384521
1776556489723947800,24.50494775390625,-0.013862521135807,-0.014384549415647,0.007393434719555
1776556489733940700,24.514940673828125,0.0150122756928205,-0.0105337603055872,0.0320468509934842
1776556489743933000,24.524932861328125,0.0271107097655534,-0.0139752425289712,0.0526283781860023
1776556489753924900,24.5349248046875,0.0341050986975431,0.0118178224664879,0.0537334533510729
1776556489763917000,24.5449169921875,0.056201779693365,0.0092444648471428,0.0378727076027542
1776556489773909800,24.55490966796875,0.0326595760643482,0.0218259834288153,0.0170216792864725
1776556489783902000,24.56490185546875,0.0312830270141363,0.0073476821819553,-0.042926337730512
1776556489793894000,24.574893798828125,0.0255868611991405,-0.0360302991730393,-0.0891931815279647
1776556489803885800,24.5848857421875,-0.011650690305233,-0.0480785374284954,-0.0992020594429224
1776556489813878800,24.594878662109377,0.0229559281736612,-0.0156112097003497,-0.0692895535970106
1776556489823871000,24.60487109375,0.011613280904293,0.0091136689411709,-0.0009677125209942
1776556489833862700,24.614862548828125,0.00772094964087,0.0387762597132008,0.0355184726268053
1776556489843856000,24.62485595703125,0.0091793317556381,0.0637562912927242,0.0477804997634142
1776556489853848000,24.63484814453125,0.0206359607934951,0.077414371331036,0.0590643660502508
1776556489863839700,24.64483984375,0.013823358169198,0.0667503494090167,0.0268442043164744
1776556489873831700,24.654831787109377,0.0502566075533628,0.0281031183363869,-0.0449585376778617
1776556489883825000,24.66482495117188,0.0406324546396732,0.010029966368759,-0.0752048055227845
1776556489893816800,24.67481689453125,0.0493137737452983,0.0077756229871534,-0.1081825441582128
1776556489903808800,24.684808837890625,0.045157238587737,0.0251097726061474,-0.0798329037148505
1776556489913801000,24.694801025390625,0.0387684143334627,0.0509566958138486,-0.0236574640391394
1776556489923794000,24.7047939453125,0.0688800594806671,0.0685432881072396,-0.0049444706648588
1776556489933785900,24.71478588867188,0.0642553222894668,0.0817643832340836,-0.0116661436026915
1776556489943777800,24.72477783203125,0.0337286666005849,0.0821875953485258,-0.0027959873940795
1776556489953770800,24.734770751953125,0.0130623106688261,0.068736280795536,-0.0249786661729216
1776556489963762700,24.7447626953125,-0.0242149883240461,0.0624216268891701,-0.0432270377101376
1776556489973755000,24.7547548828125,-0.0475718985140323,0.0473010137173579,-0.0657596259051933
1776556489983746800,24.76474682617188,-0.0930564693599939,0.0401691753763239,-0.0815118332451209
1776556489993739800,24.77473974609375,-0.0972165116488933,0.0264936099136713,-0.0670961352059617
1776556490003732000,24.78473193359375,-0.0789291598081588,0.0492296847915742,-0.0256155027717351
1776556490013724000,24.794723876953125,-0.0292284325718879,0.0503667533969506,0.0102770638644695
1776556490023716000,24.804716064453125,-0.0001963993549346,0.0350750625411281,0.040780375210382
1776556490033708800,24.814708740234376,0.0036801498174667,0.0102906174657866,0.0511680963750928
1776556490043701000,24.824700927734376,0.0346364290952682,-0.0123666748211719,0.016004318937473
1776556490053693000,24.83469287109375,0.0798100342959165,-0.010950442214543,0.0029315964724868
1776556490063686000,24.844685791015625,0.1056809731334447,-0.014334627593006,0.0128514078645035
1776556490073677800,24.854677734375,0.1453209096044302,0.0020721894644433,0.0153485949750989
1776556490083670000,24.864669921875,0.1577326474100351,-0.0114467149986186,0.005664017111063
1776556490093661700,24.87466162109375,0.1595242070019245,-0.0381352309964597,-0.0182832601875066
1776556490103655000,24.88465502929688,0.1762801114916801,-0.0335708502569468,-0.0148428739426657
1776556490113646800,24.894646728515625,0.1517383754312992,-0.030956635470828,-0.0015628288699313
1776556490123638800,24.904638671875,0.0921791020035743,-0.0334881358429789,-0.0220242368141189
1776556490133632000,24.914632080078125,0.0513344659179449,-0.0343418163631344,-0.0454839497914537
1776556490143624000,24.9246240234375,0.0129021516710519,-0.0290455594188068,-0.0412804336870089
1776556490153616000,24.93461596679688,0.0018663783937692,-0.0214467017876449,-0.0241021755993366
1776556490163607800,24.94460791015625,-0.034299159964919,-0.0188861123183276,-0.0268896874260157
1776556490173601000,24.95460107421875,-0.0469803623616695,-0.008733442018507,-0.0062238429509103
1776556490183592700,24.9645927734375,-0.0432096116513013,-0.0126625433620531,0.0336918782541528
1776556490193585000,24.9745849609375,-0.0273351661711931,-0.0192963644864968,0.0671928370460867
1776556490203576800,24.98457690429688,-0.0427478393584489,-0.0474413309369236,0.0753738054141402
1776556490213569800,24.99456982421875,-0.0313882409542798,-0.0453334262717049,0.0731840037522837
1776556490223561700,25.004561767578124,0.0130196405708789,-0.056487355169095,0.0948040436796844
1776556490233554000,25.014553955078124,-0.0061900868117809,-0.0788254893711302,0.1148080632451921
1776556490243547000,25.024546875,-0.037829672178626,-0.0653419028166215,0.0803798700731247
1776556490253538800,25.034538818359376,-0.0106622637897729,-0.0846968656225595,0.0300568827526643
1776556490263531000,25.044531005859376,-0.0347948345273733,-0.0700765209899283,-0.0106440705459564
1776556490273523000,25.05452294921875,-0.0312122998654842,-0.0648869164575822,-0.0239196951719
1776556490283516000,25.064515869140624,-0.012482464954257,-0.0308114457133226,-0.0202892662476748
1776556490293507800,25.0745078125,0.0073228902339935,-0.00584928315063,-0.0074207245852798
1776556490303500000,25.0845,0.0319219094395637,0.0122983770916238,0.0144587334632873
1776556490313491700,25.09449169921875,0.0310696765244007,0.0460176365430466,0.0633483269797638
1776556490323485000,25.10448486328125,0.0319745164096355,0.0515260429672896,0.1069612222023308
1776556490333476900,25.114476806640624,0.0241623813539743,0.0368310987284872,0.0951686757409945
1776556490343468800,25.12446875,-0.0068757309883832,-0.0001199091857764,0.0734012997647747
1776556490353460700,25.134460693359376,-0.0111287122577428,-0.0172793438419699,0.0254849351946264
1776556490363454000,25.14445385742188,-0.009078793990612,-0.0277594742641784,-0.0121238242423161
1776556490373445600,25.154445556640624,0.0115495680183172,-0.0359420820334693,-0.0139957921266555
1776556490383437800,25.164437744140624,0.0256049813777208,-0.0267125818600179,-0.0010748261572793
1776556490393431000,25.17443115234375,0.0547784688919782,-0.008106245464296,0.0269178175419569
1776556490403422700,25.18442260742188,0.0523801755785942,0.0112398718814831,0.0431377885241061
1776556490413415000,25.19441479492188,0.0523661470532417,0.0560343370048562,0.047023507383652
1776556490423406800,25.20440673828125,0.0512953029513359,0.0700493133225943,0.0388285104902461
1776556490433399800,25.21439990234375,0.0201361945778131,0.032168171251635,0.0093340108606964
1776556490443391700,25.224391845703124,-0.0182025961667299,0.0268799880159087,-0.0088701196759939
1776556490453384000,25.234384033203124,-0.0055021045476198,0.043009609266906,-0.02766264455989
1776556490463376000,25.2443759765625,-0.0304962605506181,0.039583224147954,-0.041953875969164
1776556490473368800,25.254368896484376,-0.0289940392941236,0.0129728011878905,-0.0522523479478433
1776556490483360800,25.26436083984375,0.0043821606069803,0.0196661430803826,-0.0377292805440723
1776556490493353000,25.27435302734375,0.0304167655736207,0.0457648764915298,0.0042117724761366
1776556490503346000,25.284345947265624,0.031147417935729,0.0490289015224669,0.0220940506473183
1776556490513337900,25.294337890625,0.0225841722518205,0.0532502729440107,0.005198226230219
1776556490523330000,25.304330078125,0.0584521889686584,0.0104120975541416,-0.0239188183890655
1776556490533322000,25.314322021484376,0.0642465544611215,-0.0108113534042611,-0.0589220715027302
1776556490543315000,25.32431494140625,0.04686754963696,-0.0200797288499539,-0.0778397571362555
1776556490553307000,25.334306884765624,0.0556897385179996,-0.0162501788907451,-0.0705043362142518
1776556490563298800,25.344298828125,0.0320551804304122,0.0040131994304247,-0.0611210428517311
1776556490573290800,25.354290771484376,0.0232446819871664,0.0230843722923425,-0.0507936005068942
1776556490583284000,25.36428393554688,0.0122018944472074,0.0415304537921678,-0.0274234655091539
1776556490593276000,25.37427587890625,-0.0112678284674882,0.0521836346597643,0.0037794820060953
1776556490603267800,25.384267822265624,-0.0263666133999824,0.0522347666253801,0.0120686234563589
1776556490613260800,25.3942607421875,-0.0106605102241039,0.0372336425142362,0.0095221903765574
1776556490623253000,25.4042529296875,-0.0307318228721618,0.0079277973245829,0.0083607819143682
1776556490633244700,25.41424462890625,-0.0138414783477783,-0.0095921229407656,-0.0170792912252247
1776556490643236900,25.42423681640625,-0.0077115972906351,-0.0250897664311574,-0.0147239237381145
1776556490653229800,25.434229736328124,0.0098065237432718,-0.0240056061899522,-0.007082907465659
1776556490663221800,25.4442216796875,0.0156499890744686,-0.0155807232305407,0.0144989558758214
1776556490673214000,25.4542138671875,0.0195429048597812,0.0184149168932926,0.0488952926049008
1776556490683206000,25.46420581054688,0.0130915367633104,0.0251243399876169,0.060862793774344
1776556490693198800,25.47419873046875,0.0419324313223361,0.0114017524788854,0.0625892157081514
1776556490703190800,25.484190673828124,0.0556488219857215,0.0143332644696929,0.0464687961103394
1776556490713183000,25.494182861328124,0.0787947197735309,-0.0037421022879076,-0.0008517214585095
1776556490723175700,25.50417578125,0.0879021553367376,-0.0190263085235957,-0.0524130184022709
1776556490733167900,25.51416796875,0.1003261681020259,-0.0469500676881056,-0.0739006641216576
1776556490743159800,25.524159912109376,0.1014028574228286,-0.0349422801740467,-0.0389942589785903
1776556490753152000,25.534152099609376,0.0988859061658382,-0.0067314659627736,-0.010526435515657
1776556490763144700,25.544144775390624,0.0946872854322195,-0.0085259116314933,0.0359490095311775
1776556490773137000,25.554136962890624,-0.0729278735667467,0.0471798213233705,0.0772110307786613
1776556490783128800,25.56412890625,0.1076397059857845,0.000374399970076,0.0207484081920236
1776556490793120800,25.57412084960937,0.0123597153574228,0.0057002346353372,0.0296371960358694
1776556490803114000,25.58411401367188,-0.1132522851705551,0.0205613931533647,0.0504101541472598
1776556490813106000,25.59410595703125,-0.0122919108182191,-0.0409979223846225,-0.0561423411237075
1776556490823097600,25.60409765625,0.019369886380434,-0.0715298981360159,-0.0470822883661836
1776556490833089800,25.61408984375,-0.0324427184432744,-0.0409703174250666,-0.0159899981511756
1776556490843083000,25.6240830078125,0.0021101240217685,-0.0213779291340615,0.0126275359807536
1776556490853074700,25.63407470703125,0.0424871425956487,-0.0541214708545478,0.0234011511905118
1776556490863067000,25.64406689453125,0.0141653034746646,-0.0590631787401624,-0.0018288959275931
1776556490873059800,25.654059814453124,0.0150327339589595,-0.0573611925612902,-0.0073773238349705
1776556490883051800,25.6640517578125,0.0385182389646768,-0.0840963881119154,-0.0386107760863378
1776556490893043700,25.674043701171875,0.0584276390492916,-0.0774008085965644,-0.0773686324931681
1776556490903036000,25.684035888671875,0.0536620320826768,-0.0523648227458354,-0.0318131518354639
1776556490913028600,25.694028564453124,0.041418052059412,-0.0314857008462306,-0.0248231102850288
1776556490923020800,25.704020751953124,0.029025018954277,-0.0029064780142507,0.0156699358839541
1776556490933012700,25.7140126953125,0.0107861824303865,0.0138626809660112,0.0483237032620236
1776556490943005000,25.7240048828125,0.0054033203482627,0.006943225000333,0.0627423604432493
1776556490952998000,25.73399780273437,-0.0064215574800968,0.0032320749731152,0.0431040689175948
1776556490962989800,25.74398974609375,-0.0155593881815671,0.0215565142710926,0.0362155515128746
1776556490972982000,25.75398193359375,-0.015115736067295,0.0079415472887223,0.0099355569504201
1776556490982974700,25.763974609375,-0.0130155489176511,0.0131725706768454,0.0047150092905387
1776556490992967000,25.773966796875,-0.0085205755859613,0.0138191523515386,0.0177143011931329
1776556491002958800,25.78395874023437,-0.0085001173198223,-0.0006870826484402,0.0212665503146126
1776556491012950800,25.79395068359375,0.0434469275385141,-0.0165943618190707,0.0234044391261413
1776556491022943700,25.80394384765625,0.0566243890196084,-0.0041195207655546,0.0600815072035416
1776556491032936000,25.81393603515625,0.0724807143211364,-0.0008302174461772,0.06893862126749
1776556491042927600,25.823927734375,0.0660281771808862,-0.0009174185223062,0.0295766614876687
1776556491052919800,25.833919921875,0.0751274294376373,0.0063815519799827,0.0036035043846815
1776556491062913000,25.8439130859375,0.0716471861064434,0.0200486281755031,-0.0218717496661469
1776556491072904700,25.85390478515625,0.0410948114544153,0.029424525966146,-0.0268421219572424
1776556491082896600,25.863896728515623,0.007866495591402,0.0061223507712362,-0.0743978365214541
1776556491092889900,25.873889892578124,-0.0332651407420635,0.0193961099503678,-0.0693051895575597
1776556491102881800,25.8838818359375,-0.0414490317195653,0.0477543606751598,-0.039205198315531
1776556491112873700,25.893873779296875,-0.080001172953844,0.0550640489342855,-0.0282442803727462
1776556491122866000,25.903865966796875,-0.0904179375499486,0.0524739913418889,-0.01822341975905
1776556491132859000,25.91385888671875,-0.0308206701993942,0.0617888225780799,0.0161343385253101
1776556491142850800,25.923850830078123,-0.0076040452629327,0.0644518586417194,0.0563075781553983
1776556491152842800,25.9338427734375,0.0148375036478042,0.0439951451389584,0.0466502170918509
1776556491162835000,25.9438349609375,0.0495247861474752,0.0279534396334318,0.0355827700346708
1776556491172827600,25.95382763671875,0.0833054751962423,-0.0046156257279159,0.0128388406438753
1776556491182819800,25.96381982421875,0.074893036159873,-0.0469367332824971,-0.0193202750850468
1776556491192811800,25.973811767578123,0.0717372024774551,-0.053373387867026,-0.0146849799672141
1776556491202804000,25.983803955078123,0.0835562350869178,-0.0632314911004854,-0.0239407379599288
1776556491212797000,25.993796875,0.0533247629523277,-0.0404853058205219,0.0082850132644176
1776556491222788900,26.00378881835937,0.0112666594237089,-0.0184362245428026,0.0109917149398475
1776556491232781000,26.01378100585937,0.0103530517101287,0.0034942239074851,0.0003723039111122
1776556491242773800,26.023773681640623,0.0086900869339704,0.0227372507715481,-0.0174022030366584
1776556491252766000,26.033765869140623,-0.0344026203393936,0.0314261914946255,-0.0543122030870988
1776556491262758000,26.0437578125,-0.0578653289914131,0.0447844460528576,-0.082379336794652
1776556491272749800,26.05374975585937,-0.0407657256305217,0.0600228540851734,-0.0416799543986096
1776556491282742800,26.06374267578125,-0.0512093782335519,0.0886908580290153,0.0288869621904566
1776556491292735000,26.07373486328125,-0.0607826777428388,0.0703582879402209,0.06867175049223
1776556491302726700,26.0837265625,-0.0474935725808143,0.0625813292292179,0.084355130379647
1776556491312718800,26.09371875,-0.0473982955127954,0.0366808971524355,0.0638147389151155
1776556491322711800,26.1037119140625,-0.020074819779396,0.0051763688789709,0.0478756307009607
1776556491332703700,26.113703857421875,0.0084463413059711,-0.0305048548490274,0.0096051559522748
1776556491342695700,26.12369580078125,0.043570261657238,-0.047516592696798,-0.0159351261587813
1776556491352689000,26.13368896484375,0.0876917274564504,-0.06037092317075,-0.0119957408832386
1776556491362680800,26.143680908203127,0.1002595326066017,-0.0625364717407617,-0.0191296478837728
1776556491372672800,26.1536728515625,0.1261556058853864,-0.0625239045201335,-0.0049606546146795
1776556491382665000,26.1636650390625,0.1273643971532583,-0.0691517616946715,0.0106395770339295
1776556491392657700,26.17365771484375,0.1254325523078441,-0.0549636436,0.0028482655705884
1776556491402649900,26.18364990234375,0.1040472344517707,-0.0405000558650819,-0.0067124301854521
1776556491412641800,26.193641845703127,0.0995738884299993,-0.0175444644764938,0.0026432079851627
1776556491422634000,26.203634033203127,0.0542465539723634,-0.0012163826317497,0.0162559190783649
1776556491432626700,26.21362670898437,0.0186433256715536,0.0138018598650873,0.0052253334328532
1776556491442619000,26.22361889648437,-0.0005061959564685,0.0217677184695145,0.0095980320917442
1776556491452610800,26.23361083984375,-0.0350707288593053,0.0101481288387323,0.0176158457873389
1776556491462603800,26.243603759765627,-0.0418090972036123,0.0173138020923535,0.0093429248195141
1776556491472596000,26.253595947265627,-0.0449602547109127,0.002858054028952,-0.0037753903528675
1776556491482588000,26.263587890625,-0.0367313555479049,-0.0353076862702029,-0.0067421312039718
1776556491492579800,26.27357983398437,-0.0500356582790613,-0.0468778061694931,-0.0122604562340304
1776556491502572800,26.28357275390625,-0.0286193607628345,-0.0653132429777178,0.0027697204416617
1776556491512565000,26.29356494140625,-0.0067588266104459,-0.0633050084278453,0.0210357737660408
1776556491522556700,26.303556640625,0.027810966989398,-0.0695108864638023,0.0331029724502935
1776556491532548900,26.313548828125,0.0462047018140554,-0.0622512798575218,0.0514750434324145
1776556491542541800,26.323541748046875,0.0461702150225639,-0.0610993059439584,0.0522622482873499
1776556491552533800,26.33353369140625,0.0711158557087183,-0.0467669570730067,0.0397786142893135
1776556491562525700,26.343525634765623,0.0721212333589792,-0.035743381123594,-0.0252714385744184
1776556491572518000,26.353517822265623,0.0875058494955301,-0.0340614513520617,-0.0288377527538686
1776556491582510600,26.363510498046875,0.0593716419011354,-0.036353868571599,-0.0346252501141279
1776556491592502800,26.373502685546875,0.0508709400594234,-0.0402454600495053,-0.0556307748723775
1776556491602494700,26.38349462890625,0.0577992780178785,-0.0189709387742797,-0.0350964112898334
1776556491612487000,26.39348681640625,0.0149082307964563,-0.0213682959393248,-0.0187035314261913
1776556491622480000,26.40347998046875,-0.0116688104838132,0.0045955242256255,0.0045011473441496
1776556491632471800,26.413471923828126,-0.0018909283131361,0.0304528780666179,0.0262075869133695
1776556491642464000,26.423464111328126,-0.0059071782171726,0.0665311902330024,0.0576567277420312
1776556491652456700,26.43345678710937,-0.0237163911521434,0.0570888738593552,0.0497552339024841
1776556491662449000,26.44344897460937,-0.0321241540133953,0.0423199967346619,0.0276399212714284
1776556491672440800,26.45344091796875,-0.0402425785392522,0.0223539436925202,0.0204388673188164
1776556491682432800,26.46343286132813,-0.0311462488919496,0.0235417880704859,0.0029168007621541
1776556491692425700,26.47342578125,-0.0301069689720869,-0.0085315387963259,-0.0134853218538686
1776556491702418000,26.48341796875,-0.0056944122493267,-0.0279638582794577,-0.011098280586861
1776556491712409900,26.49340991210937,0.0314390943586826,-0.0153621497180603,0.0368860711855813
1776556491722402000,26.50340209960937,0.0257639713317155,0.0113647152539924,0.0818472026793286
1776556491732395300,26.513395263671875,0.0345686245560646,0.0009987715254275,0.0750596248984336
1776556491742387000,26.523386962890623,0.0512666613787412,0.0093857832887733,0.0426316656328737
1776556491752379100,26.533379150390623,0.0387713369429111,0.0333089753172127,0.0015272826325148
1776556491762371000,26.54337109375,0.042438042756915,0.0450497002597665,-0.0418629097500816
1776556491772364000,26.55336401367187,0.0238350490957498,0.0213655948088737,-0.0912209244959056
1776556491782356000,26.56335595703125,0.0064893620193004,0.0129538213511405,-0.1149879498567432
1776556491792348200,26.57334814453125,0.0463403108924627,0.0225801057147677,-0.0950892903618514
1776556491802340900,26.5833408203125,0.0392161581009626,0.0397322726632468,-0.0208212907651439
1776556491812333000,26.5933330078125,0.0515191748350858,0.0262417631776072,0.0396442838525399
1776556491822325000,26.60332495117187,0.0612304215103387,0.0431738736176397,0.0540466109534725
1776556491832317200,26.61331713867187,0.0340986689567565,0.0279291363092372,0.0425407724790275
1776556491842310100,26.62331005859375,0.0492968226104974,0.0142294273525942,-0.0160198453001677
1776556491852302000,26.63330200195313,0.0452080919921398,-0.0046925120476516,-0.0399381887651979
1776556491862294000,26.6432939453125,0.0451969860762357,-0.0245814378831069,-0.0549702651370316
1776556491872286200,26.6532861328125,0.0253185656517744,-0.0396788300095358,-0.0544547168303281
1776556491882279200,26.66327905273437,0.0193815768182277,-0.0545960067308507,-0.0235408519221469
1776556491892271000,26.67327099609375,-0.0206634333223104,-0.0541891064303927,-0.0155836823726072
1776556491902263000,26.68326293945313,-0.0216612121880054,-0.0315840535040362,0.0194908093463629
1776556491912256000,26.693256103515623,-0.0166904380381107,-0.0026665489031991,0.0179842041756957
1776556491922248200,26.703248291015623,-0.0166775785565376,-0.0034799716198467,0.0176644341694191
1776556491932240100,26.713240234375,-0.0175748196572065,0.0345338546367827,0.0185394269056618
1776556491942232000,26.72323217773437,-0.0205646491229534,0.0273447970826411,0.0015565087269991
1776556491952225000,26.73322509765625,-0.0397194314479827,0.0234168373834108,0.005632489461638
1776556491962217200,26.74321728515625,-0.0474976642340421,0.0268751291777007,0.0531793631322681
1776556491972209000,26.753208984375,-0.0624725305259227,0.0279969750977703,0.070229245599918
1776556491982202000,26.7632021484375,-0.0699929891586303,0.0342369106669561,0.0681378628112375
1776556491992194000,26.77319409179687,-0.0476058007836341,0.0200911361599573,0.0482344906086102
1776556492002186000,26.78318603515625,-0.0095084175795316,-0.0033290376789664,0.019666896565631
1776556492012178200,26.79317822265625,0.0088479078441858,-0.0169444516150862,-0.011992781741172
1776556492022171100,26.80317114257813,0.0453261654138565,-0.0072325570566841,-0.0331089637996628
1776556492032163000,26.8131630859375,0.1135427925497293,-0.0185380203998647,-0.0232881923353299
1776556492042155000,26.82315502929688,0.1234095220476388,-0.0223070380941615,-0.0350559331489726
1776556492052147200,26.83314721679688,0.1338841543108224,-0.0430418538689613,-0.0238370583897456
1776556492062140000,26.84313989257813,0.1530564722925424,-0.0367023783318814,-0.0308338219419121
1776556492072132000,26.85313208007813,0.1450152046561241,-0.0446890137212118,-0.0629561493244022
1776556492082124000,26.8631240234375,0.1519651699244976,-0.0432131416155258,-0.0755006101315841
1776556492092117000,26.87311694335937,0.1302104342341423,-0.0362010434969095,-0.0522774823890998
1776556492102109000,26.88310888671875,0.080635379204154,-0.0119748898914549,-0.0235234623959288
1776556492112101000,26.89310107421875,0.0603822802484035,-0.0049656475960946,0.0176476291650906
1776556492122093000,26.90309301757813,0.0652355654984712,0.0259547743462142,0.0722248763965442
1776556492132086000,26.9130859375,0.0173825119554996,0.0330226509228115,0.0817647850928828
1776556492142078200,26.923078125,-0.0593751490324735,0.0033197703812329,0.0581757831800729
1776556492152070100,26.93307006835937,-0.1115828906536102,-0.0236234430385287,0.0169031674733385
1776556492162062000,26.94306201171875,-0.0627823271274566,-0.0399545782109955,0.0114804483048617
1776556492172055000,26.953054931640622,-0.0434744000673294,-0.040051462714211,0.0210644153386354
1776556492182047200,26.963047119140622,-0.0921101284205913,-0.0491420430407393,0.0263615353660657
1776556492192039000,26.97303881835937,-0.0301782806426286,-0.0736949398159515,0.0097218046018853
1776556492202032000,26.9830322265625,-0.002819733595848,-0.0608207447309046,0.0168927191445603
1776556492212024000,26.99302416992188,0.0233387900114059,-0.0377634659414645,0.0226361216347664
1776556492222016000,27.00301611328125,0.0400654684066772,-0.00662473363569,0.0347853360466659
1776556492232008000,27.013008056640626,0.0397317064076662,0.000982783367607,0.023458726596646
1776556492242001200,27.02300122070313,0.0428477926015853,-0.0023598472994053,-0.0025566256802529
1776556492251993000,27.0329931640625,0.0417798711091279,-0.0081633607877709,0.0088592694884166
1776556492261985000,27.04298510742188,0.0389309114187955,-0.015558270511782,-0.0143294079951941
1776556492271978200,27.05297827148437,0.0368476754039526,-0.0131085038811317,-0.049288018249534
1776556492281970000,27.06296997070313,0.0510854595929384,-0.0266896028432296,-0.0123643549999222
1776556492291962000,27.07296215820313,0.0635188247084617,0.0057939921747718,0.0072291840685531
1776556492301954000,27.0829541015625,0.058128363841772,0.0068217175125144,0.0361766077419742
1776556492311947000,27.09294702148437,0.0468827472060918,0.0062756051041884,0.0377023194719105
1776556492321939000,27.10293896484375,0.0205120421528816,0.0175750879436207,0.0469882899397984
1776556492331931100,27.11293115234375,0.0089496146529912,0.0081383884600072,0.0046195130268111
1776556492341924000,27.122924072265626,-0.0217494749933481,-0.0079447233432088,-0.0343762437891215
1776556492351916000,27.132916015625,-0.0429927540302276,-0.0140772233324125,-0.0391357863411307
1776556492361908000,27.14290795898437,-0.0320300459891557,0.010195663483109,-0.0332655060682445
1776556492371900200,27.15290014648437,-0.0004015665382146,0.0216292050479678,0.0208957807734608
1776556492381893000,27.16289306640625,0.0113134211748838,0.0130936819129798,0.0453967464320361
1776556492391885000,27.172885009765626,0.0188005620598793,0.0358105417754035,0.0849741755934432
1776556492401877200,27.182877197265626,0.0220604406386613,0.0403597295123618,0.0965099708147347
1776556492411869000,27.192868896484377,0.0199047239094972,0.0179887970107782,0.0567598885001614
1776556492421862100,27.20286206054688,0.0184931035459041,-0.0048674873053561,0.0064594418050721
1776556492431854000,27.21285400390625,0.0142629186302423,-0.018716613528406,-0.0333095278730615
1776556492441846000,27.222845947265625,0.006174889242649,-0.025508717929013,-0.0633546836553141
1776556492451839000,27.2328388671875,0.024604864424467,-0.0367527065798989,-0.0784182876765728
1776556492461831200,27.2428310546875,0.0241916074484586,0.0177473335297661,-0.0328270781183615
1776556492471823000,27.25282299804688,0.0293026668518781,0.0551362693537026,0.0052536462118849
1776556492481815000,27.26281494140625,0.0274894799500703,0.0578993043262511,0.0390230101490393
1776556492491808300,27.27280834960937,-0.0096615623146295,0.0476978401483735,0.0124105322292074
1776556492501800000,27.282800048828125,0.0227601133406162,0.0266448366863187,-0.0271786969678476
1776556492511792000,27.292792236328125,0.0128413613945245,0.0331425646751653,-0.0561461770486086
1776556492521785000,27.30278515625,0.0189572139263153,0.0344887322868453,-0.0685662808237597
1776556492531777000,27.312777099609377,0.0434960273772478,0.0158121356749965,-0.0483187713585793
1776556492541769000,27.32276904296875,0.0387245751917362,0.0080863466038717,-0.0157542166339233
1776556492551761200,27.33276123046875,0.0653793578833341,0.0197557393262861,0.0073193465700373
1776556492561754000,27.342754150390626,0.0628594840168952,-0.016268543381209,-0.0034036344310268
1776556492571746000,27.35274609375,0.0555623127460479,-0.0370417184050194,0.0143500123918056
1776556492581738000,27.362738037109377,0.0493102666139602,-0.045507536163018,0.0138770245851948
1776556492591731000,27.37273095703125,0.0455903693079948,-0.0492855751306982,0.0310087401174008
1776556492601723000,27.382722900390625,0.0134212071090936,-0.054988837406761,0.0283257846437394
1776556492611715000,27.392715087890625,-0.0024538228929042,-0.0478770006741397,0.0209205498885363
1776556492621707000,27.40270703125,-0.0204313781321048,-0.0270880937916575,-0.0103989732110872
1776556492631700000,27.41269995117188,-0.0448503645956516,-0.0009020771059906,-0.0182162228332832
1776556492641692200,27.42269213867188,-0.0680588062256574,0.0182383752995869,-0.0099848394522443
1776556492651684000,27.43268408203125,-0.0577221211284399,0.0369173088573501,-0.0192236828427761
1776556492661677000,27.442677001953125,-0.0418359852105379,0.0602301127608399,0.0078008830092847
1776556492671669000,27.4526689453125,-0.0453951389968395,0.0524852068556472,0.0202984359348192
1776556492681661200,27.4626611328125,-0.0571896216869354,0.0215951109821209,0.0356342079609632
1776556492691653000,27.47265307617188,-0.041615620458126,-0.0002460220667649,0.0460650010824203
1776556492701646000,27.48264599609375,-0.01154430732131,-0.021259650216368,0.0375838441913947
1776556492711637500,27.49263745117188,-0.0178401925951242,-0.0293414987416355,0.0208296932673081
1776556492721629700,27.50262963867188,0.0164192198812961,-0.017623691167077,0.0113255500040948
1776556492731622700,27.51262255859375,0.0530547138392925,0.0031381718740303,0.0171685404112562
1776556492741614600,27.522614501953125,0.0748696552842855,0.0033291518433979,0.0265790505742654
1776556492751606800,27.532606689453125,0.0927864202469587,-0.0140486023094155,0.0181998196877539
1776556492761598500,27.54259838867188,0.0952969417631626,-0.0153090484159998,0.0156589030332863
1776556492771591700,27.552591796875,0.1063455745220184,-0.013732903406769,-0.0042984643789008
1776556492781583600,27.56258349609375,0.1045341411858797,-0.029788340610126,-0.033724538414739
1776556492791575600,27.572575439453125,0.0855295809864997,-0.0297276370985666,-0.0495819231621921
1776556492801567500,27.5825673828125,0.0614624767005443,-0.0201280523705529,-0.0585193359207361
1776556492811560700,27.592560791015625,0.0555301640421152,-0.0105575087906443,-0.0408671401783823
1776556492821552600,27.602552734375,0.0597866524428129,0.0075835287729336,-0.0275599879030138
1776556492831544600,27.612544677734373,0.0290302796512842,0.01853822018762,-0.0047323257515206
1776556492841537800,27.62253784179688,0.0150397482216358,0.0298874444698914,0.0076174527337774
1776556492851529500,27.632529541015625,-0.0053992286950349,0.0192974718814832,0.0382272201288491
1776556492861521700,27.642521728515625,-0.0020808979272842,0.009427287767874,0.0805738948078826
1776556492871513600,27.652513671875,-0.0122825584679841,0.0073913809014309,0.1077888686655089
1776556492881506600,27.66250659179688,-0.0311965177744627,-0.0211186891094082,0.0911781082674861
1776556492891498500,27.67249853515625,-0.0430956298828125,-0.0541958740978967,0.033077472682856
1776556492901490700,27.68249072265625,-0.0329968451946973,-0.0852641532496549,0.0059147404691204
1776556492911483600,27.692483642578125,-0.0240688578516244,-0.0925878106686286,-0.0376925652628764
1776556492921475600,27.7024755859375,0.0047942485392093,-0.0825130187774542,-0.0352085298947989
1776556492931467500,27.71246752929688,0.0369704250007867,-0.0640736364464741,-0.01464610926155
1776556492941459700,27.72245971679688,0.0579208585709333,-0.0351869459673645,0.0204847157545387
1776556492951452700,27.73245263671875,0.0703372725516557,-0.0049451122689642,0.022805450319685
1776556492961444600,27.742444580078125,0.0462368505179882,-0.0116600689132872,0.0161161818141117
1776556492971436500,27.7524365234375,0.0429331327974796,0.0003149636837071,0.0079969535706564
1776556492981428700,27.7624287109375,0.0385866280257701,0.0147592382217349,-0.0103947719600051
1776556492991421700,27.772421630859377,0.0179278708785772,0.0173775378112157,-0.0224797254966571
1776556493001413600,27.78241357421875,0.0131418056458234,-0.0079917088566697,-0.028812581779994
1776556493011405800,27.79240576171875,0.0044762686312198,-0.0186008873274025,-0.0026368513096123
1776556493021398500,27.8023984375,-0.0070323828548192,-0.034488839601411,0.0003481923831626
1776556493031390700,27.812390625,-0.010762801554799,-0.0185924106183578,0.0283885111490264
1776556493041382700,27.822382568359377,-0.0049158290922641,-0.0227150183901423,0.0478883805846795
1776556493051374600,27.83237451171875,0.0028805238723754,-0.0099737335363402,0.0186684966454282
1776556493061367600,27.842367431640625,0.0265291104853153,0.0035616539873532,0.0156823935067281
1776556493071359700,27.85235986328125,0.0263812264472246,0.019101363645849,0.0162491970766335
1776556493081351400,27.862351318359377,0.0305593889147043,0.0420937410975806,0.029085334306769
1776556493091344600,27.8723447265625,0.0393687183141708,0.0318808741762768,0.0323834625367075
1776556493101336800,27.8823369140625,0.0095680388122797,0.0211416270270012,0.020937427958101
1776556493111328500,27.89232861328125,0.0085264208048582,-0.0037265508090378,-0.0212207384115085
1776556493121320700,27.90232080078125,0.0248655611872673,-0.0190038386801723,-0.0148160224683582
1776556493131313700,27.912313720703125,0.0066413377106189,-0.0165778399425325,0.0084291709754616
1776556493141305600,27.9223056640625,0.0042740240573883,-0.0070494669911829,0.0221936750968918
1776556493151297500,27.93229760742188,0.0164075294435024,0.0171836991644813,0.0168238551594316
1776556493161289700,27.94228979492188,0.0095218615829944,0.0289709324131719,0.0200093898603692
1776556493171282400,27.952282470703125,0.0151812025189399,0.0378955404890701,0.018819193695113
1776556493181274600,27.962274658203125,-0.008356909456849,0.0618745326667325,0.0172813896685838
1776556493191266600,27.9722666015625,0.018664952981472,0.0320004020528518,-0.0366834612855687
1776556493201259500,27.982259521484377,-0.0232756616473197,0.0089126139607164,-0.0620727540859952
1776556493211251500,27.99225146484375,-0.0024818799436092,0.0232351561069954,-0.0752502886323258
1776556493221243600,28.00224365234375,0.0109901805698871,0.0265162190377013,-0.0371778206737712
1776556493231235600,28.012235595703125,0.0105482820212841,0.0168239670405746,-0.0079897201122716
1776556493241228500,28.022228515625,0.0563368042498826,0.0072107796205382,-0.0097609675684943
1776556493251220700,28.032220703125,0.0560310993015766,0.0050938034495862,-0.0096059962024912
1776556493261212700,28.042212646484376,0.073095046827197,-0.0032575833028851,-0.0185518845284357
1776556493271204600,28.05220458984375,0.1024269397735595,0.0024253049033068,-0.0240037932587787
1776556493281197600,28.062197509765625,0.0741606302320957,-0.0093374466392648,-0.0191067784648388
1776556493291189800,28.072189697265625,0.0605728343844413,-0.0288218427986837,-0.0140854066388681
1776556493301181400,28.082181396484376,0.0330780937373638,-0.0342090796618256,-0.0001649447707459
1776556493311174700,28.09217456054688,0.0283230081647634,-0.0357791397068533,0.0150632021624594
1776556493321166600,28.10216650390625,-0.0125023386985063,-0.0450355164707871,0.0195213871477171
1776556493331158500,28.112158447265625,-0.0277490076690912,-0.0368464241617824,0.0150531556924805
1776556493341150500,28.122150390625,-0.0377601140737533,-0.0195653039212571,0.0078038421513512
1776556493351143700,28.132143798828125,-0.0341577056676149,0.0098631995336851,0.0024335838224738
1776556493361135600,28.14213549804688,-0.0355026905357837,0.049989202488563,0.0169038250604644
1776556493371127600,28.15212744140625,-0.031774025401473,0.0627032888081856,0.0426326885461807
1776556493381119700,28.16211962890625,-0.0388391414821147,0.0495259140920592,0.04383227359429
1776556493391112400,28.172112548828125,-0.0855523773401975,0.0394882347743026,0.0164880108011886
1776556493401104600,28.182104736328125,-0.0562438652694225,0.0332611130209174,-0.0169682685988023
1776556493411096600,28.1920966796875,-0.018853169029951,0.021243443433661,0.0035480844030156
1776556493421089500,28.202089599609376,-0.0187111302107572,0.011307811134716,0.0263543749729171
1776556493431081500,28.21208154296875,0.00537117164433,-0.0011682874400139,0.027943361197412
1776556493441073700,28.22207373046875,0.0348339974939823,-0.0094480993729288,0.0378850556276738
1776556493451065600,28.232065673828124,0.0645826545476913,-0.035442007573822,0.0277669086519628
1776556493461058600,28.24205859375,0.0666471858620643,-0.0470382528616348,0.0031466274626553
1776556493471050500,28.252050537109376,0.1034299793362617,-0.0432960158596979,-0.0322952362639829
1776556493481042700,28.262042724609376,0.1556418126106262,-0.0255126155027071,-0.0519349160291254
1776556493491035600,28.27203564453125,0.1311181967288255,-0.0246487355322344,-0.0557572873288765
1776556493501027600,28.282027587890624,0.1295136841416359,-0.0180039226563181,-0.0457552775461226
1776556493511019800,28.292019775390624,0.1307557931572198,-0.0013609564721467,0.0151990304365754
1776556493521011700,28.30201171875,0.0954687911987304,0.0223857293535605,0.0474989428756758
1776556493531004700,28.31200463867188,0.0402723891556262,-0.0010219911437554,0.0365692237887531
1776556493540996600,28.32199658203125,0.0166547822028398,-0.001904231894348,0.0154928622839972
1776556493550988800,28.33198876953125,-0.021630232527852,0.0327920136548462,0.0146806325856596
1776556493560980500,28.34198046875,-0.021462474745512,0.0228213374419836,0.0254791265083476
1776556493570973700,28.3519736328125,-0.0344616570502519,0.0038417678366764,0.0202520760424435
1776556493580965600,28.36196557617188,-0.0194797764956951,-0.013322981173807,0.0077161273352801
1776556493590957600,28.37195751953125,-0.0119996498733758,-0.0309994334329385,0.0370646791554987
1776556493600949500,28.381949462890624,-0.0413455713450908,-0.0504086197772994,0.0546503490002825
1776556493610942700,28.391942626953124,-0.011309329521656,-0.0853500323016662,0.0150181209117174
1776556493620934700,28.4019345703125,0.0101835403621196,-0.0762696354424348,-0.025500059698522
1776556493630926600,28.41192651367188,0.02629647077322,-0.0698994930557441,-0.0419370344322174
1776556493640919800,28.421919921875,0.0319599033623933,-0.0393146500393748,-0.0406812987500801
1776556493650911500,28.431911376953124,0.0394411990284919,-0.0200976480991346,-0.038133952354826
1776556493660903700,28.441903564453124,0.0560702622681856,-0.0051537797337165,-0.0268993320371955
1776556493670895600,28.4518955078125,0.0451776968538761,0.0065091273073398,-0.0112852545263245
1776556493680888600,28.461888671875,0.0292056362181901,-0.0102065627613919,0.0253864067235961
1776556493690880500,28.471880615234376,0.0088864862889051,0.0014437393847736,0.044291488603875
1776556493700872700,28.481872802734376,0.0325397490769624,-0.0084073176199686,0.0416606286436319
1776556493710865700,28.49186572265625,0.0175613756537437,-0.0213235274991253,0.0415376598510891
1776556493720857600,28.501857666015624,-0.0001291793376207,-0.0111778120964765,0.0169905169632285
1776556493730849800,28.511849853515624,0.0191401692777872,-0.0135506524498399,0.0062234776247292
1776556493740841700,28.521841796875,0.0165653503537178,0.0013368917516141,0.0019702406270429
1776556493750834700,28.53183471679688,0.0002478372812271,0.0062642720010655,-0.0095520740581676
1776556493760826600,28.54182666015625,0.011641337954998,0.0040360711326473,-0.012413856697455
1776556493770818800,28.55181884765625,-0.0004454056799411,0.0025163256359053,0.0040393385186791
1776556493780810500,28.561810546875,0.0209814132302999,0.0104833784002868,0.0349783378681167
1776556493790803700,28.5718037109375,0.0296732537299394,0.0178416025258542,0.0480224187605083
1776556493800796000,28.5817958984375,0.0374427186876535,0.0250833869227208,0.0325751491839066
1776556493810787600,28.59178759765625,0.0368248790502548,-0.0004224871703016,0.0270293150924146
1776556493820779800,28.60177978515625,0.0360667541593313,-0.0002994738536304,0.0004684212293475
1776556493830772700,28.611772705078124,0.0257359142810106,0.0138656321165675,-0.0122688587361946
1776556493840764700,28.6217646484375,0.0152642046272754,-0.0051908534912276,-0.0095026088932529
1776556493850756600,28.63175659179688,-0.000274140766263,0.0075969293939124,-0.0139282067831605
1776556493860749800,28.641749755859376,0.0169675014138221,0.0056300543343124,0.0082076737118884
1776556493870741500,28.651741455078124,0.010410334855318,0.025682425961527,0.0116193453188985
1776556493880733700,28.661733642578124,-0.0041091888844966,0.0275480896859546,0.0057147243849933
1776556493890725600,28.6717255859375,0.0006640168666839,0.0577233769371872,-0.0138468486426398
1776556493900718600,28.681718505859376,0.0274111540168523,0.0581492422330193,-0.0392029332932084
1776556493910710800,28.691710693359376,-0.0166121121048927,0.0341165516733191,-0.0619138006646186
1776556493920702700,28.70170263671875,-0.0172118315637111,0.0349024870197754,-0.0506819933585822
1776556493930694700,28.711694580078124,-0.0128577280074357,0.0051785945145646,-0.0697164737721905
1776556493940687600,28.7216875,-0.0250958628118038,0.0018094160506327,-0.035690285529755
1776556493950679800,28.7316796875,0.0253664964467287,0.0201631465168204,0.011008519944176
1776556493960671700,28.741671630859376,0.0587485415667295,0.0452753120094537,0.0406925507964566
1776556493970664700,28.75166479492188,0.0642670127272605,0.0600849504027981,0.0775035474518314
1776556493980656600,28.76165673828125,0.0821773479491472,0.0448338381525361,0.0507367557531222
1776556493990648800,28.77164892578125,0.0849678554505109,0.0053417817238863,0.0161484766485169
1776556494000640500,28.781640625,0.0609913520574569,-0.0328425017330679,-0.0143588532853871
1776556494010633700,28.7916337890625,0.0334510187029838,-0.0515534515640232,-0.0173667298644781
1776556494020625700,28.80162573242188,0.0250964473336935,-0.0724640052149305,-0.0185565241709351
1776556494030617600,28.81161767578125,-0.0134673843383789,-0.0694625903426669,-0.0336234161278232
1776556494040609500,28.821609619140624,-0.0319745164096355,-0.064148108188482,-0.0214336505098268
1776556494050602800,28.831602783203124,0.0041372459352016,-0.0405970819321926,-0.0089558617306873
1776556494060594700,28.8415947265625,0.0035685061365365,0.009389147714572,0.0227906911419704
1776556494070586600,28.851586669921875,-0.0088502459317445,0.0463477452802471,0.0468364238463342
1776556494080578800,28.861578857421875,-0.0325151991575956,0.0670844950005179,0.0398638814199715
1776556494090571500,28.871571533203124,-0.061131052789092,0.055376736179227,0.0189792796276509
1776556494100563700,28.881563720703124,-0.0629635289132595,0.0370390218411455,0.0198703101832419
1776556494110555600,28.8915556640625,-0.0876788679748773,0.0152932332172931,-0.0182644824218004
1776556494120548600,28.901548583984376,-0.0568605358630418,-0.0191903034462709,-0.040032479452528
1776556494130540500,28.91154052734375,-0.0282686476290225,-0.0189253323671524,-0.0507052281036973
1776556494140532700,28.92153271484375,-0.0031160861939191,0.0054203508273436,-0.0171464381773024
1776556494150524700,28.931524658203124,0.0444774396300315,0.0058839600259001,0.0114006975995376
1776556494160517600,28.941517578125,0.0829290430992841,0.0056482384449744,0.0318816139617934
1776556494170509800,28.951509765625,0.0884404999971389,-0.0040635208285762,0.0391706019261851
1776556494180501800,28.96150170898437,0.0957423474431037,-0.02656816385407,0.0067851666280999
1776556494190493700,28.97149365234375,0.1141226382642984,-0.0417064085806952,-0.0276733120843768
1776556494200486700,28.981486572265624,0.1102279689133167,-0.0631625860161613,-0.0474786672726273
1776556494210478800,28.991478759765624,0.1056125840723514,-0.0617464310413459,-0.0568359494110569
1776556494220470800,29.001470703125,0.1128460424572229,-0.0581345789534272,-0.0516848137255758
1776556494230463700,29.011463623046875,0.0641214667767286,-0.0186201879662054,-0.0006087064828723
1776556494240455700,29.02145556640625,0.0468166962325572,0.0147268783136038,0.0412807624805718
1776556494250448000,29.03144775390625,0.0238081610888242,0.0441859321704367,0.0328316081630066
1776556494260439600,29.041439453125,0.0102162735879421,0.0513913517709122,0.0428597387677058
1776556494270432800,29.051432861328124,-0.0265758722364902,0.0413631572341313,0.031344986334443
1776556494280424700,29.0614248046875,-0.0282014276117086,0.0161107087712618,-0.0098230730192735
1776556494290416600,29.071416748046875,-0.0368453373163938,-0.0148276581072248,-0.0258888398203998
1776556494300408600,29.08140869140625,-0.0303489610344171,-0.0652742444078903,-0.0470539755871519
1776556494310401800,29.09140185546875,-0.0052811552733182,-0.1158360454529058,-0.0587228591362014
1776556494320393700,29.101393798828123,0.0170978497952222,-0.1093930889917537,0.0120969727680087
1776556494330385700,29.1113857421875,0.0379711264759302,-0.0926689678797498,0.0225002933606505
1776556494340379000,29.12137890625,0.0253097978234291,-0.0859032457376364,0.0428278092594817
1776556494350370600,29.13137060546875,0.0084369889557361,-0.0385033793222624,0.0664913011806085
1776556494360362800,29.14136279296875,0.0148813427895307,0.0032567538982897,0.0835919274548068
1776556494370354700,29.151354736328123,0.0012280804902315,0.0317191899416968,0.1058092026229947
1776556494380347600,29.16134765625,-0.0440682743072509,0.0708112604386871,0.0952349093776196
1776556494390339600,29.17133959960937,0.0683826313525438,0.0517373476304113,0.0078128657080233
1776556494400331800,29.18133178710937,-0.0425520245254039,-0.0182173690441763,-0.0217663165302947
1776556494410323700,29.19132373046875,-0.0641501083493232,-0.0332715978823136,-0.0250738701757043
1776556494420316700,29.201316650390623,0.0464051928222179,0.0149977459856134,-0.057791825363785
1776556494430308600,29.21130859375,0.0779834033906459,0.0035457817064307,-0.0532226908173412
1776556494440300800,29.22130078125,0.0141126965045928,-0.011895299016335,-0.0175543979236856
1776556494450292500,29.23129248046875,6.31283640861e-05,0.0044642225712217,0.0216064497934654
1776556494460285700,29.24128564453125,0.0427396560519933,0.0162398869672382,0.0118132239231839
1776556494470278000,29.25127783203125,0.1034855089157819,-0.0132312763108522,-0.0073056833708658
1776556494480269600,29.26126953125,-0.0135422031402587,-0.0057707009182631,-0.0181224070699885
1776556494490262800,29.2712626953125,-0.0032370822250843,-0.0122445485621341,0.0176618768861517
1776556494500254700,29.281254638671875,0.0404465766787529,-0.0067821429831295,0.0042887101698666
1776556494510246700,29.29124658203125,0.0098895258516073,-0.0055663180446281,0.0422620286028832
1776556494520238600,29.301238525390627,0.0408101492941379,0.0017585289677226,0.0113336602453142
1776556494530231800,29.311231689453123,-0.0306043971002101,0.0002907845133318,0.0289451221184805
1776556494540223500,29.321223388671875,-0.0045902503997087,-0.0003685951368468,0.015543752221018
1776556494550215700,29.331215576171875,-0.0104465752124786,0.0126594974550185,0.0043322935832664
1776556494560207600,29.34120751953125,-0.0082043492436408,0.0450621944151585,0.0036305019894614
1776556494570200600,29.35120068359375,0.044618309405446,0.0544727228444768,0.0161916582031175
1776556494580192800,29.36119287109375,0.0312783508390188,0.0630640164459357,0.0258055819837376
1776556494590184700,29.371184814453127,0.0164092830091714,0.0445484133738558,0.026583069162257
1776556494600177000,29.381177001953127,0.0268289702147245,0.0090009720933594,0.001163454288803
1776556494610169600,29.39116967773437,0.0347223538130521,-0.0063355208811699,-0.032873364945501
1776556494620161800,29.40116186523437,0.0183890586495399,-0.0420534273535013,-0.0525807396519929
1776556494630153700,29.41115380859375,0.0270768074959516,-0.0383573584476951,-0.0774730427157133
1776556494640146700,29.421146728515627,0.0627174451977014,-0.0013714339128549,-0.0634164237799122
1776556494650138600,29.431138671875,0.0525870963275432,0.0329520059725502,-0.0336157442780211
1776556494660130800,29.441130859375,0.091230422976613,0.0603800380589673,0.0076066025462001
1776556494670122500,29.45112255859375,0.0903495484888553,0.0627107460288563,0.0470384857570752
1776556494680115700,29.46111572265625,0.0783691878378391,0.0515294450673507,0.029898038929142
1776556494690107600,29.471107666015627,0.0334533567905426,0.0064835190836922,0.0101296912830322
1776556494700099600,29.481099609375,-0.0190869777858257,-0.0414017265456961,-0.0229808799518272
1776556494710091300,29.49109130859375,-0.0327145211219787,-0.059694690709887,-0.0552002014353871
1776556494720084500,29.50108447265625,-0.0559095187485218,-0.0456449581725988,-0.0509861274043098
1776556494730076400,29.511076416015623,-0.0526058010280132,-0.0229732629009522,-0.0382197674747556
1776556494740068400,29.521068359375,-0.0454103365659713,0.0140321671978454,-0.0226461315721273
1776556494750060300,29.53106030273437,-0.0201151517897844,0.0412215248403139,0.0071364642838016
1776556494760053500,29.541053466796875,-0.0008154080361127,0.048812441193615,0.0072124886620789
1776556494770045200,29.551045166015623,0.0024614216774702,0.0381034955677692,0.0187738932486623
1776556494780037400,29.561037353515623,0.0211480019688606,0.0392202680204994,0.0012204086404293
1776556494790030600,29.571030517578127,-0.0022036475241184,0.0277342918738606,-0.007432232359983
1776556494800022300,29.581022216796875,-0.0147609312802553,-0.0073301351088215,-0.0232856715846806
1776556494810014200,29.59101416015625,-0.018616437664628,-0.0223046109583461,-0.0249799813471734
1776556494820006400,29.60100634765625,0.0076081369161605,-0.0093371155624132,-0.0156651501109823
1776556494829999400,29.610999267578126,0.0404062446683645,-0.0089424559723091,0.0091537589229643
1776556494839991300,29.6209912109375,0.0516395863443613,-0.0076570677915355,0.0261303204260766
1776556494849983500,29.6309833984375,0.0598538724601268,0.0126045181480585,0.0273712238652631
1776556494859975400,29.64097534179687,0.072087915611267,0.0190414672768209,0.0364147273467853
1776556494869968400,29.65096850585937,0.0844639975816011,0.0240628893351415,0.032468218210712
1776556494879960300,29.660960205078126,0.0679722969859838,-0.0107714015614299,-0.0034814123749732
1776556494889952500,29.67095239257813,0.038044191712141,-0.0344136783062363,-0.0337022535176947
1776556494899944200,29.68094409179687,0.0528881251007318,-0.0617404396919766,-0.0524615337191149
1776556494909937400,29.6909375,0.0605605594247579,-0.0409288940027123,-0.0381047627929598
1776556494919929300,29.70092944335937,0.0417681806713342,-0.0257249362292699,-0.0200307614419609
1776556494929921300,29.71092138671875,0.0572515810072422,-0.0185156156301673,0.0030764483032748
1776556494939913200,29.72091333007813,0.0706213501900434,0.0167254066035035,0.0521813650708645
1776556494949906400,29.730906494140623,0.0465460625976324,0.0504856442359974,0.1032913745831698
1776556494959898400,29.7408984375,0.0131610948681831,0.021480720504967,0.1012630836259573
1776556494969890300,29.75089038085937,-0.0247334592401981,-0.0145228082505112,0.0740922046383842
1776556494979883500,29.76088354492187,-0.0211912565886974,-0.0549384589263936,0.0127988008944317
1776556494989875200,29.770875244140623,-0.0556570052921771,-0.0809231101043522,-0.044167423832789
1776556494999867400,29.780867431640623,-0.0477525157779455,-0.0948050757261458,-0.073954184407182
1776556495009859300,29.790859375,-0.0157364983141422,-0.0738831604310078,-0.062292059392482
1776556495019852300,29.80085229492187,0.0160030402958393,-0.0415419843997573,-0.0449950702959671
1776556495029844200,29.81084423828125,0.041908465924859,-0.0101712870936782,-0.0239978019094094
1776556495039836400,29.82083642578125,0.0449275214850902,-0.0092358768277772,-0.0005043327929452
1776556495049828400,29.830828369140622,0.0522767152041196,0.0016396007398245,0.0206630314635112
1776556495059821300,29.8408212890625,0.0256458979099988,-0.0037537076731998,0.0364205725656822
1776556495069813200,29.85081323242187,0.0233878898501396,-0.0214607668456155,0.0424055287268012
1776556495079805400,29.86080541992188,0.0145288760900497,-0.0209359118544496,0.0347152664851397
1776556495089797400,29.87079736328125,0.0228752641528844,-0.0302572093640454,0.0052368777401745
1776556495099790300,29.88079028320313,0.0225648830294609,-0.0263361908622551,-0.0215984126174822
1776556495109782500,29.89078247070313,0.0279752176403999,-0.0347906583924661,-0.0319968013066798
1776556495119774500,29.9007744140625,0.0200900173485279,-0.0260950573164504,-0.0270254426348954
1776556495129766400,29.91076635742188,0.0473725765496492,0.0009356659942277,0.0077902885500341
1776556495139759400,29.92075927734375,0.0565408023893833,0.0073406690609233,0.0510160841511562
1776556495149751600,29.93075146484375,0.0207967043131589,0.0022820499475055,0.0697370781688019
1776556495159743200,29.9407431640625,0.0061135144442319,-0.0018664819979909,0.0743481156282126
1776556495169736400,29.950736328125,-0.0105482820212841,0.0234261006853892,0.0862936241615563
1776556495179728400,29.96072827148437,-0.0029793080717325,0.0094938039614673,0.040864948221296
1776556495189720300,29.97072021484375,-0.0214338331729173,-0.0209912816037656,-0.0112994291821494
1776556495199712300,29.98071215820313,-0.0214408474355936,-0.0442532983182231,-0.0458671038901433
1776556495209705500,29.99070556640625,-0.002995090162754,-0.0260611573301372,-0.078195182977803
1776556495219697400,30.000697509765622,0.0231125800400972,0.0157510131799732,-0.0407145068999379
1776556495229689300,30.010689453125,0.0517769489884376,0.0731023487842408,0.0012357888726517
1776556495239681500,30.020681640625,0.0811579417735338,0.1017525841759517,0.0483829226359725
1776556495249674200,30.03067431640625,0.0446603949815034,0.0816538172653876,0.0660321227036416
1776556495259666400,30.04066650390625,0.0189086986094713,0.0425615321392659,0.0367186421968042
1776556495269658400,30.050658447265626,-0.0043225393742322,0.0220929158528684,-0.00942052010037
1776556495279650600,30.060650634765626,-0.0508919828474521,-0.0061874176473706,-0.0458101495385169
1776556495289643300,30.07064331054688,-0.0434299764037132,-0.022420222994918,-0.0757419446067884
1776556495299635500,30.08063549804688,-0.0087122987657785,0.0051570996353868,-0.0618795696014538
1776556495309627400,30.09062744140625,0.0092699326485395,0.0248163814334315,-0.03165723062139
1776556495319619300,30.100619384765626,0.051192427098751,0.0464994469769299,0.0095307755418121
1776556495329612300,30.1106123046875,0.0827729757547378,0.0244400475178845,0.0253681038819253
1776556495339604500,30.1206044921875,0.0715402186006307,0.0013941788925585,0.0276889115123078
1776556495349596200,30.13059619140625,0.0624041414648294,-0.0373488001763704,-0.0093642964011058
1776556495359589400,30.14058935546875,0.0354717108756303,-0.0524056022807955,-0.0357389469770714
1776556495369581600,30.15058154296875,0.0173795893460512,-0.0483254568276926,-0.0379835110334679
1776556495379573200,30.1605732421875,-0.0011444938600063,-0.026305909888423,-0.0370283657331019
1776556495389565400,30.1705654296875,-0.0109855043947696,0.0068385670409712,-0.0375090619221329
1776556495399558400,30.18055834960937,-0.0215823017328977,0.0329854264682508,0.0022718904547393
1776556495409550300,30.19055029296875,-0.0383323610037565,0.0663323112266138,0.0337750995581969
1776556495419542300,30.20054223632813,-0.0513654455780982,0.0682458897629752,0.0481650786342099
1776556495429534500,30.210534423828125,-0.0457160415142774,0.0554635559461545,0.0509490467969328
1776556495439527200,30.22052709960937,-0.0568342323780059,0.0284916061973199,0.025457060807012
1776556495449519400,30.230519287109377,-0.0637578941613435,0.0012871914079703,0.0098859091224148
1776556495459511300,30.24051123046875,-0.0356558352708816,-0.0113590412817429,-0.0203048291429877
1776556495469503500,30.25050341796875,-0.0169645788043737,-0.0130475332248024,-0.0145048741599544
1776556495479496400,30.260496337890626,0.0253846166253089,-0.0201381125402636,-0.018034546123445
1776556495489488400,30.27048828125,0.0608528203696012,-0.0056713624505908,-0.015167027863115
1776556495499480300,30.280480224609377,0.0841992091655731,-0.00910506893454,-0.0148175933709368
1776556495509472300,30.29047216796875,0.0927419965833425,-0.0182907562240841,-0.0434354928290471
1776556495519465500,30.30046557617188,0.1137152265071868,-0.0181767641807964,-0.0459231083936989
1776556495529457400,30.31045751953125,0.1284136139452457,-0.0085506442139507,-0.0312724325548857
1776556495539174400,30.32017431640625,0.1338484984755516,-0.0315503498805454,-0.0059900341950356
1776556495550066400,30.33106640625,0.1261211190938949,-0.0207842375572305,0.0287387128261849
1776556495560058400,30.341058349609376,0.0959293944478034,-0.0056907247381866,0.0356287646008655
1776556495570050600,30.351050537109376,0.0453752652525901,-0.018314825511194,0.0372357979387044
1776556495580043300,30.361043212890625,0.0180079503774642,-0.01725451536139,0.0267239754702895
1776556495590035500,30.371035400390625,-0.0026285949379205,-0.0078447661043173,0.0185142559317871
1776556495600027400,30.38102734375,-0.0090542440712451,0.0006009570012567,0.0295497004155069
1776556495610019300,30.391019287109376,-0.0169885442018508,0.0041778844770888,0.0298038213070482
1776556495620012300,30.40101220703125,-0.0436351435869932,-0.0121755178969353,0.0183924196504056
1776556495630004500,30.41100439453125,-0.0472363829493522,-0.0230272832266869,-0.0036742680659517
1776556495639996400,30.420996337890625,-0.0065559975147247,-0.0269591382163227,0.0032374110186472
1776556495649989400,30.4309892578125,0.01316694008708,-0.0368920716681051,-0.0177944902898743
1776556495659981300,30.44098120117188,0.0101484690487384,-0.0551462747244862,-0.0369624974226579
1776556495669973200,30.45097314453125,0.0168751469552516,-0.0812589361962862,-0.0596950286366045
1776556495679965200,30.460965087890624,0.039933366459608,-0.063778863884136,-0.0742347549142316
1776556495689958400,30.47095849609375,0.0442991604536771,-0.0556587634244235,-0.0425054089047014
1776556495699950300,30.480950439453125,0.0453770188182592,-0.01340317597877,-0.0113282899504527
1776556495709942300,30.4909423828125,0.0439046081781387,0.0062659256728569,-0.0023062311157584
1776556495719935000,30.50093505859375,0.0334492651373148,0.0034317354350379,-0.0145773183416575
1776556495729928000,30.510927978515625,0.0358691857606172,-0.0136381081126513,-0.0099403061907738
1776556495739920000,30.520919921875,0.0154126731872558,-0.0232178944449406,-0.0380396616674959
1776556495749912000,30.530912109375,0.0338712899416685,-0.0155285911845043,-0.0335797961818054
1776556495759904000,30.540904052734376,0.0358610024541616,-0.0083765434557921,0.0243297738101333
1776556495769897000,30.55089697265625,0.0417348629236221,0.0043176034750329,0.077164122897014
1776556495779889000,30.560888916015625,0.0408346992135047,0.0280335419652052,0.0957342372018843
1776556495789881000,30.570881103515624,0.0273410113900899,0.0297312401280272,0.0936159664062783
1776556495799872800,30.580872802734376,0.0172626849681139,0.008779788211151,0.0759471848553046
1776556495809866000,30.59086596679688,-0.0041951136022806,-0.0147370218233496,0.0558789774797856
1776556495819858000,30.60085791015625,-0.0358276847064495,-0.0372633389661787,0.0114098672866821
1776556495829849900,30.610849853515624,-0.0116278939515352,-0.049688201114838,-0.0261119445191696
1776556495839841800,30.620841796875,0.005264788660407,-0.0592228628139011,-0.0513435990724712
1776556495849835000,30.6308349609375,0.0265261878758668,-0.0434342644197633,-0.0601943929934874
1776556495859827000,30.64082690429688,0.0511076714247465,0.004947381857864,-0.0298868599480018
1776556495869819000,30.65081884765625,0.0794289260238409,0.035998773806903,-0.0070377896822988
1776556495879812000,30.66081201171875,0.0489297428637742,0.0160892983737634,0.0287881049258634
1776556495889803800,30.6708037109375,0.0082522800385951,0.0112070016583427,0.0416342886259779
1776556495899796000,30.6807958984375,-0.0081909052401781,-0.000356129094446,0.0365342620732262
1776556495909788000,30.69078784179688,-0.0345277080237865,-0.0043431643204414,0.0344108767110854
1776556495919780900,30.70078076171875,-0.0390256039649248,-0.0132775403051055,0.0428371250770986
1776556495929772800,30.710772705078124,-0.0324643457531929,-0.0026041888657375,0.0580460923857986
1776556495939765000,30.720764892578124,-0.0024292729735374,0.0076868144758278,0.05275163923949
1776556495949757000,30.7307568359375,0.0211567697972059,0.0144250709389918,0.0255044801453128
1776556495959750000,30.74075,0.0309767375439405,0.0116724865785101,-0.0047984132576733
1776556495969742000,30.7507421875,0.0439443556666374,0.0228068796583684,-0.0147512136038392
1776556495979734000,30.760734130859376,0.040009938827157,0.0007900566824362,-0.014276326101087
1776556495989726000,30.770725830078124,0.0146948803067207,0.0077545824824133,-0.0224427544871345
1776556495999719000,30.780718994140624,0.0019593173742294,0.0047207015290972,-0.0520885722208768
1776556496009711000,30.790711181640624,0.0079494976997375,0.0287097881257999,-0.0601858078282326
1776556496019702800,30.800702880859376,0.0054243631362915,0.026027796199941,-0.0442023124830797
1776556496029696000,30.81069604492188,0.0168178638100624,0.0448649502434302,-0.04290555067081
1776556496039688000,30.82068798828125,0.0234194540321826,0.0536359112607315,-0.0388521105615422
1776556496049680000,30.830679931640624,0.0177536833554506,0.0409152353701181,-0.0203423116091638
1776556496059671800,30.840671875,-0.0230599730700254,0.0095884559792233,-0.0339345279036089
1776556496069665000,30.8506650390625,-0.0138800567924976,0.0016601700308732,-0.0242173264116048
1776556496079657000,30.86065698242188,-0.0129331313312053,0.0020498018194106,0.01579188176319
1776556496089649000,30.87064892578125,-0.0031692776858806,0.0063087949877372,0.0428816948711872
1776556496099640800,30.880640869140624,-0.022148703444004,-0.0106666614036774,0.0630882512714713
1776556496109634000,30.890634033203124,-0.0261783973515033,-0.0147996581387356,0.0504067200811579
1776556496119626000,30.9006259765625,0.0128577280074357,0.010576017128292,0.0583097848232835
1776556496129618000,30.91061791992188,0.0376566536992788,0.0147543280095327,0.0637251974681392
1776556496139611000,30.92061083984375,0.0320633637368679,0.0237856638459372,0.056054808970727
1776556496149602800,30.930602783203124,0.0553536384314298,0.0193159756525536,0.008199563470669
1776556496159595000,30.940594970703124,0.0762602328598499,0.0057836591520695,-0.0002491524554789
1776556496169587000,30.9505869140625,0.0955418564349412,-0.0384088192068738,-0.0466205891385674
1776556496179580000,30.960579833984376,0.1021405240476131,-0.0440798414474586,-0.0365451853260397
1776556496189571800,30.97057177734375,0.1360047997266054,-0.0490770241136662,-0.0492392106717452
1776556496199564000,30.98056396484375,0.1139092877745628,-0.034527413479553,-0.0465382080847397
1776556496209556000,30.990555908203124,0.080890815269947,-0.0066695089257555,0.0107047877572476
1776556496219549000,31.000548828125,0.0797433988004922,0.0133212264664936,0.0094512074995785
1776556496229541000,31.010541015625,0.0525491024047136,0.0011103952275821,0.0168991488853469
1776556496239533000,31.020532958984376,0.0096416885703802,-0.0166281362245092,0.0074428268192335
1776556496249524700,31.030524658203124,-0.0066389996230602,-0.0347407708191545,0.0075962638152763
1776556496259518000,31.04051806640625,-0.0118178635656833,-0.0298055657395627,0.0256270470790565
1776556496269510100,31.05051025390625,0.0405792631477117,-0.0373213938629254,0.1017940121648833
1776556496279501800,31.060501708984376,-0.0342746100455522,-0.0528383448419859,0.1485472147071734
1776556496289495000,31.0704951171875,-0.0755021079689264,-0.0550281876030378,0.0842731146520003
1776556496299487000,31.08048706054688,-0.0389180519372224,-0.0653230428525246,0.0342947395181283
1776556496309479000,31.09047900390625,-0.0356862304091453,-0.0340586474736221,-0.0137774001356214
1776556496319470800,31.100470947265624,-0.0117769470334053,0.0025665442860685,-0.0136568424958735
1776556496329464000,31.110464111328124,-0.0292851311951875,0.0264430990025633,-0.0008994330577552
1776556496339455700,31.12045581054688,-0.0497457354217767,0.0471800313859246,-0.0090052903629839
1776556496349448000,31.13044799804688,-0.0749532419145107,0.0437867402523988,-0.0148432392688468
1776556496359441200,31.140441162109376,-0.0718570294648408,0.021240771985962,0.0061342284386977
1776556496369432800,31.150432861328124,-0.0825508574366569,0.0384947667575441,0.0687100732086226
1776556496379425000,31.160425048828124,-0.0534989504754543,0.0318724305749172,0.1123474087527021
1776556496389417000,31.1704169921875,-0.0171866971224546,0.0008318933800328,0.1243165173573419
1776556496399410000,31.180409912109376,0.0023117840737104,-0.0460302585626021,0.0968016837703064
1776556496409401900,31.19040185546875,0.0176163207113742,-0.0765547085946658,0.0176721790844574
1776556496419394000,31.20039404296875,0.0624818828761577,-0.0513192318161949,-0.0760362879108637
1776556496429386000,31.210385986328124,0.1608107396811246,-0.0718596141475718,-0.0661183396823704
1776556496439379000,31.22037890625,0.0633212563097476,-0.0783030637990683,-0.0208216560913249
1776556496449371000,31.23037084960937,-0.0174859723299741,-0.1088991771281231,0.0172079225735738
1776556496459363000,31.24036303710937,0.0805213974356651,-0.124723070597928,-0.0513333334067836
1776556496469356000,31.25035595703125,-0.0453302570670843,-0.0524348466415889,0.0277567525841295
1776556496479348000,31.260347900390624,-0.0495236171036958,0.0283472155908355,0.0945161301163956
1776556496489340000,31.27033984375,-0.0935538974881172,0.062898902711831,0.1261988970378413
1776556496499331800,31.28033178710937,-0.1358335348129272,0.0648926246791612,0.0956226300535723
1776556496509325000,31.29032495117188,-0.1528694252878427,0.0406484239603625,0.0687766356388106
1776556497018930700,31.7999306640625,-0.0085626611620187,0.0358493850816041,-0.0367464800518006
1776556497028922600,31.809922607421875,0.0207522806495428,-0.0154725501483306,0.0242471370279788
1776556497038914600,31.81991455078125,-0.0007990414232015,-0.0729889195716008,0.067517648553662
1776556497048906500,31.829906494140623,8.9431849122e-05,-0.1505081943155266,0.0977324983470141
1776556497058899700,31.839899658203127,-0.0339040231674909,-0.2260375738838687,0.1364210158446803
1776556497068891600,31.8498916015625,-0.0270510885328054,-0.2858892909195274,0.1549898149752989
1776556497078883600,31.859883544921875,0.0013192659050226,-0.3146064495010301,0.160897869975306
1776556497088875500,31.86987548828125,0.0082446812540292,-0.3006259097424336,0.1555042673034593
1776556497098868700,31.87986865234375,-0.0336608620613813,-0.2798115784410387,0.1585022070104256
1776556497108860400,31.8898603515625,-0.0383399597883224,-0.246401859862823,0.1396354113139212
1776556497118852600,31.8998525390625,-0.0605611439466476,-0.213773902779445,0.0794735688831657
1776556497128845600,31.90984545898437,-0.0682826781094074,-0.1510322364559397,0.0117772758269682
1776556497138837500,31.91983740234375,-0.0776373664319515,-0.0672972107360139,-0.0245495540406554
1776556497148829400,31.929829345703126,-0.0553957240074872,0.0275914790198206,-0.0308901552390307
1776556497158821600,31.939821533203126,-0.0286374809414148,0.1092488582154735,-0.0455895290577784
1776556497168814600,31.949814697265627,0.0065185881137847,0.171655410833098,-0.0574870702635496
1776556497178806500,31.959806640625,0.005773907226324,0.2210664161414839,-0.0468405520321801
1776556497188798700,31.969798828125,0.0249357038140296,0.2352613841020502,-0.0525295209214091
1776556497198790700,31.97979077148437,0.0435059642493724,0.1740436759428121,-0.0787352812038734
1776556497208783600,31.98978369140625,0.0899035582870245,0.1450888361479155,-0.0869077374719083
1776556497218775600,31.999775634765623,0.1050181253105402,0.1099256614984944,-0.0760946670345962
1776556497228767700,32.00976782226562,0.1364332542717456,0.0517245246814563,-0.0563163825163617
1776556497238760400,32.01976049804688,0.0877905116558075,0.0151883446457795,-0.035657004314661
1776556497248752600,32.029752685546875,0.0800046800851821,-0.0058835416132584,-0.0010123188477009
1776556497258744600,32.03974462890625,0.0541138675034046,-0.0214436421808786,0.0040251273302361
1776556497268736500,32.04973657226562,0.0113309568315744,-0.0367235010350123,0.0146264912456274
1776556497278729700,32.05972973632812,-0.0277010768741369,-0.0144152779140509,0.0320560572132468
1776556497288721700,32.0697216796875,-0.0201899705916643,0.0141262318396009,0.0234787099387496
1776556497298713600,32.07971362304688,-0.0295867444902658,0.035163832236547,0.0109526250384747
1776556497308705500,32.08970556640625,-0.0403150592535734,0.023237284132,-0.0395824706627056
1776556497318698800,32.09969873046875,-0.0468646270275115,0.0360518488511443,0.0211718577684834
1776556497328690400,32.1096904296875,-0.1393184543192386,0.0595563325519673,0.0410260570671409
1776556497338682600,32.1196826171875,-0.1240390521228313,0.0645525882029905,0.0324898089880123
1776556497348674600,32.129674560546874,-0.1077145247876644,0.0647261364053003,0.0475734694166108
1776556497358667500,32.13966748046875,-0.1157867720842361,0.0950037127039395,0.0458266257492825
1776556497368659500,32.149659423828126,-0.061608607172966,0.0822140997629612,0.0087663305079564
1776556497378651600,32.15965161132812,-0.0057692310512065,0.0699132201869972,-0.0128331415554508
1776556497388644400,32.16964428710938,-0.020611995396018,0.1205767006413545,-0.1022374816160649
1776556497398636500,32.179636474609374,0.1087356845289468,0.1711297064585611,-0.1746892255710437
1776556497408628500,32.18962841796875,0.3048281654715538,0.1643911189185455,-0.2010183930374681
1776556497418620700,32.19962060546875,0.3353501449853182,0.0348959750805981,-0.1797250643137842
1776556497428613600,32.20961352539062,0.2251326974660158,-0.1271480601219926,-0.0805249045670032
1776556497438605600,32.21960546875,0.0636900896221399,-0.2092227057484909,-0.0086101170329377
1776556497448597800,32.22959765625,0.0044277533143758,-0.2086805799621157,0.0250568094430491
1776556497458589400,32.23958935546875,0.0271446120351552,-0.127934397327248,0.0689369772996753
1776556497468582700,32.249582763671874,0.042945407757163,-0.0638763511755503,0.0618459961254149
1776556497478574600,32.25957470703125,0.036108255213499,-0.0426004393775481,0.1030875956393778
1776556497488566500,32.26956640625,-0.0164075294435024,-0.0235934862916823,0.1107050483731552
1776556497498558500,32.279558349609374,-0.0795627815365791,-0.0167813768577296,0.0941742944087833
1776556497508551700,32.2895517578125,-0.119794838681817,-0.020095606839098,0.0839469149049371
